001 : 184 486 51 12 573 359 944 878 141 875 665 78 663 329 1186 56 747 332 746 685 14 435 526 1328 13 879 195 84 1194 414 240 1113 453 726 220 925 817 1144 884 584 253 180 1042 876 497 1066 1169 378 283 1158 
002 : 12 51 884 875 746 1170 1089 141 1169 724 810 172 747 729 726 14 184 75 883 781 1263 1042 908 253 1158 374 700 429 1217 78 607 878 1380 846 896 390 486 1379 284 792 1095 1163 364 100 833 925 46 840 650 47 
004 : 485 5 399 181 144 90 91 582 579 542 6 584 1073 281 349 119 785 476 509 585 587 387 625 159 981 944 707 586 1183 1370 145 95 395 978 982 518 980 1389 962 1295 422 546 1072 486 1207 1279 833 463 547 623 
008 : 488 166 1061 1189 236 1255 167 1315 1374 355 1085 575 185 1275 1160 259 1312 1011 410 1252 541 1192 437 190 24 656 574 583 378 914 1077 170 317 645 1026 1254 449 517 435 1199 86 402 1296 851 103 1242 1010 1241 576 1297 
009 : 1032 103 943 401 552 625 1296 1272 849 488 746 650 355 1379 968 1391 1147 410 708 328 1102 828 824 1295 342 77 1374 359 163 1219 101 925 575 536 1305 130 540 1072 108 357 26 68 1180 1065 368 813 172 981 1073 1283 
010 : 491 257 385 271 386 345 1075 1364 1196 798 409 1374 72 646 883 861 137 1308 1174 406 767 142 397 418 610 1363 558 802 243 959 915 1273 1282 339 121 130 18 1146 294 154 265 1190 640 820 256 128 522 737 865 230 
012 : 492 973 434 57 56 124 232 1381 688 373 122 1231 234 354 248 708 1115 1350 1040 48 1077 988 312 1347 1006 233 1307 801 698 1192 69 498 694 32 541 37 711 469 1186 947 695 27 567 693 709 440 197 443 712 1262 
013 : 492 122 19 69 556 124 248 433 947 292 232 639 1231 1193 48 234 469 231 1104 360 1218 1192 988 753 924 1350 1000 1352 801 1006 1307 999 1077 708 498 441 1262 1347 354 373 1259 1285 901 230 277 1186 197 993 461 815 
015 : 45 102 398 549 5 983 221 303 743 756 270 1099 848 524 142 489 310 144 347 707 21 61 847 555 436 784 168 1258 55 71 1213 763 839 550 1002 101 585 754 120 74 772 559 89 37 1134 343 387 566 670 98 
018 : 405 302 524 493 1143 949 1010 691 1286 583 1199 1009 616 436 1264 421 332 69 110 1335 1003 1150 541 1077 103 1250 656 1214 1180 1312 621 1274 185 1099 127 328 125 1319 1098 183 575 236 283 481 262 975 329 1185 622 414 
022 : 495 654 1327 72 1157 273 370 473 93 28 472 1238 262 556 567 305 667 572 1356 941 192 160 1206 1314 1310 308 25 107 177 1200 309 814 745 508 1147 304 777 1156 593 456 27 402 1258 201 341 2 110 557 1242 665 
023 : 650 624 506 543 1232 941 649 966 652 1223 1221 631 708 590 939 1164 1094 1289 602 270 11 86 810 806 592 245 203 1209 807 1379 1162 717 276 792 387 557 215 704 33 742 491 1331 982 632 112 1165 1091 671 1089 206 
026 : 496 903 520 313 38 880 440 643 415 879 1099 199 853 468 503 143 594 797 1332 258 469 312 1334 780 1268 1183 526 1017 795 1163 1037 577 335 927 1242 801 316 701 713 403 1290 587 660 231 711 1260 750 27 1326 1338 
027 : 64 402 291 65 256 170 335 439 1327 1314 265 1303 345 490 1364 319 568 132 608 903 411 190 1102 169 308 1228 124 1157 207 358 630 806 334 939 798 209 178 192 137 1276 296 482 572 1317 310 1160 1299 1312 570 71 
029 : 462 1099 463 761 817 1096 1340 1025 866 1065 1027 553 890 1097 1117 509 981 1043 542 840 982 1127 762 1024 119 1098 1042 1279 1100 592 1015 1071 82 822 1322 403 818 870 952 51 836 796 1019 707 974 37 829 766 856 820 
031 : 498 106 93 326 869 849 1286 814 1043 494 528 1006 1301 231 1112 468 1259 1037 1255 1358 1280 927 161 234 918 1246 384 803 248 878 1188 652 1063 154 1124 233 1400 1243 802 111 745 142 922 1108 410 208 1352 25 372 1113 
032 : 336 106 1301 700 1108 445 1281 981 264 607 1253 551 1197 362 577 60 652 326 1206 1235 916 963 284 672 601 372 1036 410 1083 714 4 368 527 849 1042 498 2 160 158 154 389 1149 1393 930 148 87 1276 320 6 472 
033 : 492 248 498 197 56 1352 69 1005 360 106 234 57 354 231 124 1231 801 154 1192 1006 988 1114 232 19 122 1262 196 1304 225 947 421 1259 1104 927 1350 312 708 922 58 688 1301 48 373 567 468 802 1307 993 694 1124 
034 : 706 714 237 1346 987 82 222 1000 1331 713 1309 1279 270 1119 927 1260 44 286 1261 402 260 1291 1005 498 93 482 152 860 27 446 297 1347 1242 732 1348 842 442 586 868 69 12 1219 164 261 1052 594 1294 1296 1295 328 
035 : 500 268 88 450 87 270 407 1008 396 1371 584 26 1106 458 416 112 966 607 267 877 993 190 104 1097 1149 1273 95 296 265 408 860 44 300 902 963 636 1247 158 269 477 1154 342 968 1177 114 490 981 497 102 864 
039 : 502 271 686 68 302 343 1007 377 81 628 413 96 411 1385 663 1156 538 342 1263 1011 1237 1176 1264 340 1004 421 1337 874 1051 292 1159 1026 947 17 508 1199 1212 334 63 562 860 578 195 883 24 1157 1022 710 297 441 
040 : 254 153 560 413 81 125 50 861 348 307 565 306 55 16 207 62 346 74 1298 66 474 165 406 140 61 547 623 71 120 562 980 377 378 398 381 1365 525 260 72 1212 322 610 21 962 546 994 261 606 1195 655 
041 : 892 718 902 708 130 1272 530 1259 1287 899 798 698 1197 1109 1112 14 586 11 753 141 879 919 237 1151 1103 815 1111 906 977 185 955 453 166 1064 137 1275 1104 1289 1369 202 33 444 74 28 64 903 700 804 637 803 
049 : 756 46 883 1361 47 51 1362 724 12 612 650 884 102 374 1034 738 727 157 1170 1217 869 75 334 833 1088 723 583 875 781 1015 729 837 1204 1294 274 280 767 85 439 81 1300 202 1246 1317 92 391 182 55 613 1131 
050 : 215 277 214 213 121 216 772 212 511 578 588 1288 134 11 989 987 1202 409 658 945 426 1367 455 97 1243 1228 138 345 482 647 358 1329 988 170 589 990 172 1030 969 540 973 37 573 592 434 288 241 661 868 1195 
051 : 382 611 568 307 145 305 4 629 96 348 1355 547 21 180 1278 389 732 346 306 1076 135 3 664 525 1282 1365 326 527 72 376 8 610 1200 381 412 1325 327 562 148 848 393 931 861 1302 936 570 1109 50 310 59 
052 : 1176 1031 512 1293 888 1133 224 1178 1035 838 279 1129 886 1070 1132 1177 733 952 752 826 674 803 247 215 679 1362 1124 367 916 521 189 683 256 1188 1266 251 147 76 451 440 680 1131 135 612 485 780 833 312 921 1340 
053 : 367 674 451 1048 752 906 503 981 1362 864 1130 235 683 840 39 803 251 704 1050 781 1311 677 1342 247 1131 226 1075 612 1207 485 680 967 27 521 777 758 698 833 727 13 921 97 250 1380 596 834 1027 246 249 675 
054 : 465 612 146 250 420 900 513 601 561 901 514 464 222 200 334 683 1005 803 147 902 752 1218 211 787 796 776 544 225 1229 191 545 797 674 1034 1107 1267 26 235 688 226 757 1300 816 879 793 52 699 852 749 435 
055 : 513 633 250 1197 1058 935 791 601 222 683 45 752 602 545 925 902 420 191 465 680 901 577 466 898 921 247 1186 147 289 1070 923 605 126 432 464 938 1208 230 19 895 1111 60 801 1188 919 918 229 520 1059 916 
056 : 751 1209 1153 362 228 551 1245 918 1082 247 895 916 698 860 749 68 1292 424 743 885 15 1400 1390 332 1341 712 1350 1171 936 573 1339 1325 442 699 826 176 433 975 1320 1290 845 226 29 1263 704 915 1040 780 669 1398 
057 : 752 250 1186 468 1259 382 901 247 921 230 601 134 683 1215 926 513 919 922 877 791 941 1038 599 686 289 467 1355 147 714 885 898 52 1272 916 1197 1087 918 313 1074 545 739 920 287 1266 848 1060 1112 442 273 464 
058 : 516 141 431 252 594 598 904 1163 791 76 812 602 808 1162 713 1153 1004 668 608 672 795 1155 1011 800 755 1066 1395 1349 1001 714 809 1065 631 188 1000 335 970 1154 1008 358 179 1106 1350 372 505 311 546 1306 799 1113 
059 : 516 795 1153 1243 1350 431 1062 280 594 904 175 1341 1074 141 672 1305 598 610 1155 1142 800 799 1353 1229 198 520 714 535 252 233 618 256 430 809 230 182 188 1092 1211 999 179 40 876 1154 971 927 856 993 604 421 
061 : 1208 319 1189 1160 1276 654 488 875 1327 1203 1389 1314 1084 1244 925 75 166 310 720 913 209 190 207 1312 1288 1234 132 308 159 1103 161 1322 745 665 169 297 517 1077 1061 515 1245 724 998 156 1318 101 151 1156 170 575 
062 : 398 387 303 168 963 123 959 1004 1222 269 21 343 524 550 546 353 144 623 436 74 347 1192 975 120 983 55 559 565 666 518 564 283 1393 566 1395 333 348 661 145 1215 872 71 509 306 1002 45 980 37 670 98 
066 : 1311 186 283 409 606 1229 979 950 947 234 69 48 461 345 571 223 1231 1306 522 1116 126 999 1213 277 952 1074 311 1352 121 230 1307 469 635 891 176 110 482 195 923 1285 714 1225 671 207 1258 1106 1066 30 655 470 
067 : 536 1211 710 24 1152 154 89 182 1141 1279 558 294 25 17 1201 796 446 976 40 36 1278 1238 723 979 1183 57 800 338 7 433 272 233 373 279 1391 1373 531 1368 19 79 1196 1292 1205 43 1230 418 535 1247 670 228 
068 : 1205 1257 536 346 43 293 272 1264 337 418 505 996 992 330 655 79 1278 1155 1211 265 113 933 40 8 1215 182 37 959 171 1284 41 96 207 668 1383 7 1080 314 526 53 1055 1220 1302 862 535 125 1381 610 80 504 
069 : 536 1205 272 1152 1257 346 1080 43 1141 1158 293 558 1264 330 655 37 1183 154 113 1368 17 1196 418 535 525 171 41 446 976 979 996 992 505 409 862 79 571 9 89 933 130 1211 85 317 552 401 126 289 40 265 
071 : 289 1152 520 1277 229 433 432 927 879 288 464 434 549 901 1342 225 1305 126 527 1340 222 793 1243 675 420 714 643 678 1141 278 1202 513 799 284 279 755 601 230 652 1090 1074 703 900 1191 825 674 191 681 311 121 
072 : 521 526 440 503 469 496 312 468 1320 879 880 38 313 467 439 797 685 404 780 1154 1338 801 795 924 903 31 335 124 121 1267 796 1290 1265 750 197 634 917 901 516 26 735 918 876 638 118 757 1153 927 1006 1228 
074 : 469 194 467 503 1070 312 404 440 201 313 496 526 1194 919 848 885 1320 903 468 521 1087 685 687 877 39 1197 1210 193 235 492 1153 1387 1329 706 1338 879 1366 686 703 884 379 1248 752 480 1041 736 991 670 1324 1267 
079 : 1190 108 103 1148 943 1031 1199 367 1160 357 862 760 849 1228 1312 1269 1226 840 317 325 231 1132 177 1310 169 1216 27 665 1147 183 1374 1139 1072 1296 167 1185 343 49 13 515 319 338 1391 102 293 867 207 73 1245 125 
080 : 525 305 540 26 1395 1253 570 37 1200 1299 310 84 353 123 573 63 355 625 323 1311 667 1185 481 333 274 308 572 192 1159 655 480 334 983 1002 329 569 1199 1076 1241 571 324 666 327 364 537 553 124 98 1305 133 
081 : 353 305 525 333 1185 1159 540 260 655 983 84 303 123 355 1366 670 37 1241 481 623 553 274 120 1395 645 480 572 270 662 1200 1002 1158 981 295 509 347 1213 142 21 398 1394 338 364 666 12 571 570 524 577 378 
082 : 525 568 327 570 305 304 1200 308 310 309 180 26 25 1076 573 1299 2 663 323 1253 389 63 540 412 1311 572 260 386 9 307 98 306 329 1395 537 133 393 192 135 332 1276 571 345 361 1370 1157 334 267 1081 664 
083 : 526 440 683 638 392 797 655 1228 222 879 633 876 880 685 712 334 1169 327 1343 468 1300 795 1251 521 902 2 625 708 39 675 38 924 451 1320 796 798 368 801 1341 313 200 792 1338 503 214 748 1229 439 121 7 
084 : 320 527 150 322 366 321 365 1235 1370 832 854 15 537 107 476 349 478 356 16 271 61 502 374 376 269 94 1302 1365 553 377 452 648 422 1240 111 375 1259 1081 1053 479 131 585 333 833 1055 943 493 157 1301 538 
085 : 326 273 192 801 410 802 123 494 414 1259 528 161 233 1112 25 329 922 435 925 541 248 27 1301 1191 838 1352 550 1207 1274 421 353 468 336 969 332 1319 576 493 231 225 1213 992 646 106 124 1310 1393 808 1263 791 
086 : 326 528 494 1213 106 925 261 23 1214 1281 192 142 265 273 233 1048 1112 997 922 75 25 248 1259 906 1301 94 329 1391 1334 1332 802 251 105 912 468 336 456 969 124 1310 1394 523 801 36 260 1042 422 306 96 254 
087 : 326 550 21 1215 265 306 22 528 906 629 260 1334 925 1214 1332 254 251 96 1191 291 1204 645 1281 329 534 997 176 36 1391 142 8 628 798 182 1211 1383 170 961 1104 441 211 75 456 125 1157 1205 1352 363 846 4 
093 : 208 437 1221 298 407 269 61 1253 1236 531 1273 267 112 408 297 268 653 33 607 524 490 1282 228 339 402 967 447 270 22 1238 1006 1111 88 1189 1255 1181 450 448 19 104 34 1139 449 403 1377 1105 663 500 809 1222 
094 : 123 525 1185 305 84 303 338 623 353 1159 274 398 480 355 366 365 784 979 1213 554 524 44 21 789 666 651 645 354 1241 1307 436 1300 120 555 983 553 559 1192 142 570 546 566 646 1395 1107 481 295 240 959 145 
095 : 376 460 17 3 1301 4 326 241 377 251 1185 336 1214 798 265 1241 1302 16 375 382 322 254 348 135 664 527 291 180 107 73 255 309 389 1192 925 754 358 961 1394 1236 1281 352 305 71 343 145 50 142 155 562 
097 : 753 1331 14 783 798 1105 634 1339 441 1078 878 251 1057 1336 461 379 638 391 52 685 637 1290 1275 202 1285 899 1338 25 1272 30 627 1209 811 444 675 1196 856 749 711 232 380 748 712 704 871 486 680 1330 701 1206 
098 : 753 380 444 3 1181 810 1275 1339 475 916 1099 1272 1085 899 52 1269 1084 1338 153 461 896 1114 871 1023 379 351 117 1141 472 1083 1078 1063 152 1021 4 1221 1081 1369 856 704 1206 167 747 999 82 707 1273 1330 60 363 
099 : 754 789 120 270 788 509 786 1159 776 785 387 269 596 408 158 539 873 934 1348 564 1112 850 1084 787 784 1307 260 1362 812 599 851 842 963 524 1359 801 566 897 61 1393 88 435 888 534 852 398 116 872 166 250 
100 : 382 842 1123 855 1176 1055 789 149 1154 744 1084 785 839 786 932 1359 854 105 1038 629 898 381 539 1054 801 457 523 1384 864 533 1171 784 671 642 1116 116 1256 763 847 1118 734 1159 1033 241 1219 1126 475 1309 1062 812 
101 : 320 322 321 527 107 350 11 1083 833 150 1235 72 677 730 1377 585 34 1240 476 264 1138 607 478 551 369 537 1219 422 648 424 1253 641 300 639 1137 410 1384 336 93 349 1280 736 364 451 472 389 1061 499 981 452 
102 : 539 854 566 564 333 435 1176 1213 789 467 120 352 1307 1192 784 267 23 144 754 651 565 1146 1258 347 845 861 912 559 979 1191 1208 779 659 302 1263 81 689 1359 628 98 1395 927 788 437 1159 145 570 260 182 166 
103 : 785 788 381 483 105 787 659 789 382 116 1045 1383 459 776 1176 1283 533 1146 689 754 784 855 452 1359 1046 457 1381 255 148 1022 150 428 1084 1116 954 485 912 565 978 1258 642 803 1069 1293 1067 1044 1182 763 973 888 
104 : 1045 1118 435 900 1074 839 1077 204 566 420 891 1171 676 1338 879 1337 954 1336 1229 1381 605 678 1256 287 1191 1046 794 1135 567 793 783 932 291 1121 795 1130 812 843 428 1106 1339 1051 1081 158 757 205 638 629 635 1151 
105 : 390 482 627 194 410 533 1053 175 1107 719 52 486 441 914 110 894 239 277 70 928 893 69 428 512 224 1204 213 1033 815 569 947 217 1179 1252 593 829 730 1008 1000 1335 1225 238 1274 391 311 440 1051 1234 1319 1006 
106 : 3 388 393 180 664 4 1355 1311 1276 1237 389 1106 569 406 525 663 400 1200 22 629 655 306 1107 412 145 382 305 21 1400 1386 1397 165 2 970 1227 310 348 1370 133 1225 694 327 1371 636 155 134 484 326 62 74 
107 : 128 1206 629 664 366 305 1251 191 329 389 1370 144 306 1039 365 458 832 1182 1261 149 1250 418 310 63 198 460 116 1265 1086 2 1311 375 1198 299 453 1081 1059 255 73 1072 412 977 324 1085 393 97 976 4 475 576 
108 : 3 393 180 664 4 389 629 412 306 1397 116 388 1107 419 400 944 72 382 21 977 1400 1106 2 155 784 121 126 568 1237 785 61 1276 327 324 9 381 22 104 1282 861 309 50 826 1220 1267 23 538 345 260 1398 
109 : 628 339 689 254 338 343 337 480 535 560 1205 773 364 1240 1266 662 565 365 433 1200 481 1100 543 48 125 1158 1263 1195 344 661 310 438 1183 1072 25 1002 552 878 194 635 609 350 272 1155 865 690 1248 707 127 352 
110 : 128 264 111 393 322 664 540 394 381 527 648 750 1138 292 559 1043 460 458 131 1297 105 1375 299 1200 104 327 323 785 1383 365 671 1053 1193 366 310 306 1109 855 149 1210 383 940 1149 300 477 180 1182 754 565 1044 
111 : 180 320 540 327 1236 502 359 1311 104 300 349 1260 1186 435 365 397 494 591 1054 304 28 939 62 4 940 3 325 843 1253 111 393 573 663 526 611 57 400 1375 457 479 831 394 1046 645 570 889 124 527 475 376 
112 : 26 1299 570 63 1253 540 305 525 323 573 1395 308 310 1200 192 327 537 572 1076 124 304 663 568 494 333 25 1311 329 256 667 19 307 625 666 334 455 670 409 134 1209 37 170 345 68 1279 309 1158 569 1310 939 
113 : 1395 63 630 1313 992 238 416 570 139 537 1188 25 189 1195 573 663 1214 1191 1078 1299 799 941 309 567 670 667 666 79 1229 333 371 1082 315 225 540 310 1218 1080 713 26 1085 1364 1264 816 846 122 504 1352 519 223 
114 : 332 541 573 401 625 577 1296 359 488 517 1010 552 860 1305 1247 1295 572 160 1073 410 166 925 24 167 1201 1017 259 1061 101 1374 575 574 969 103 556 521 1288 456 1011 1252 304 1241 1197 168 486 518 217 1112 42 56 
116 : 26 1153 1142 68 625 1161 372 516 1143 1099 576 997 1155 167 573 1003 608 1295 809 364 141 184 1303 430 272 493 695 283 280 656 514 755 317 594 1305 188 569 185 431 2 1158 575 56 603 122 355 179 795 609 1351 
118 : 324 1395 630 54 55 584 1393 645 50 323 303 559 1099 306 983 959 1161 73 81 629 396 524 438 565 437 872 1372 91 398 82 387 328 394 1236 1159 585 339 366 352 325 353 1258 670 773 1061 1386 84 329 283 35 
119 : 630 666 389 474 328 1007 1394 962 1367 55 565 537 307 50 115 81 1374 667 670 460 560 1395 43 1076 1159 1205 54 9 171 803 485 967 475 1154 170 1157 535 255 1381 238 1158 523 73 1027 1010 1072 1274 331 351 981 
120 : 1395 1264 329 347 667 345 668 537 630 1228 572 139 460 1394 343 175 670 170 1205 504 291 1299 358 1391 315 187 254 335 1191 223 1302 526 714 272 134 182 1189 1211 1187 438 487 1263 1313 1216 25 1384 666 1364 959 1372 
121 : 543 589 578 590 237 588 592 426 216 138 1126 591 935 214 576 772 822 1102 1368 215 764 985 769 18 739 1043 418 928 757 213 581 986 1354 1239 1059 1171 990 1318 1093 850 487 1168 962 382 1160 938 330 1146 1080 741 
122 : 544 748 755 597 1066 203 199 708 567 814 714 813 251 287 1314 516 1074 1335 670 19 790 372 1146 294 600 36 572 688 781 1229 99 746 556 84 360 564 599 1272 441 1076 1285 800 917 1115 347 1002 307 123 566 806 
123 : 544 251 878 1335 301 546 813 441 790 597 1113 748 755 622 595 792 1019 1066 814 203 599 1378 168 879 917 536 127 875 1336 727 287 704 1290 640 1022 733 906 36 982 158 199 781 1342 107 1020 1079 809 701 749 594 
126 : 631 672 714 755 594 256 904 795 203 799 598 544 1142 1153 516 1287 430 312 809 372 1354 634 876 609 431 429 1155 280 140 1163 603 141 1353 752 1154 230 602 78 1305 608 652 76 535 604 1336 221 772 1188 1290 314 
128 : 678 676 1334 632 674 250 1339 465 247 1332 783 1074 638 1246 204 1343 1337 698 712 1289 811 1229 781 203 1306 206 924 1075 792 918 704 671 637 683 793 226 791 794 677 920 420 699 752 503 803 1 779 288 879 1243 
130 : 898 1275 1196 680 753 224 512 1141 428 282 633 1058 1230 1070 935 938 233 19 1060 380 514 931 601 52 855 1059 909 951 1029 1021 286 385 513 347 370 122 236 97 936 899 937 1001 930 124 871 232 1191 942 934 1053 
131 : 294 522 21 378 555 546 17 554 142 337 398 861 101 376 1281 19 1104 872 72 1192 981 36 1185 295 873 538 254 354 553 959 651 559 947 1241 343 539 606 95 1214 122 661 120 575 135 1268 261 283 127 489 564 
132 : 710 1287 80 184 418 1155 1350 84 795 314 182 1211 315 7 293 280 526 800 516 272 199 9 1170 933 610 558 431 207 594 337 809 1163 377 553 1154 714 89 125 755 719 910 874 876 1153 154 1325 294 1305 123 536 
133 : 755 594 790 431 544 1290 188 179 1066 516 1155 280 1305 634 1074 879 600 714 256 598 795 60 597 809 99 214 1113 1158 719 443 78 602 1163 141 372 876 1001 800 251 455 1269 1153 969 42 430 76 1170 197 808 545 
135 : 26 1228 797 301 134 1309 327 572 1267 803 707 191 1157 334 655 547 788 310 880 2 465 736 308 318 526 1311 440 1198 193 187 1295 625 1236 610 1107 570 439 664 304 495 1317 231 25 1300 1260 1272 1234 123 1310 811 
136 : 617 613 616 622 548 615 621 619 614 618 1150 958 510 162 163 436 1324 1161 275 719 620 1348 143 691 1166 1391 969 1244 448 554 983 1103 1345 164 992 1011 1000 1255 449 218 1291 624 85 718 302 211 821 1232 1344 1292 
137 : 879 632 250 793 757 1338 52 924 801 797 916 752 465 795 638 919 674 1341 1290 917 464 200 749 796 612 420 699 226 902 313 803 780 637 681 921 1337 711 679 1186 222 682 901 252 918 779 676 708 503 709 205 
138 : 265 1187 358 291 1228 655 311 71 1257 892 1216 1106 415 793 504 1276 334 293 663 1093 1364 406 63 294 1367 457 416 411 630 890 124 757 439 461 394 798 1281 487 569 527 568 1311 111 794 979 1395 335 256 797 276 
139 : 795 431 252 879 316 924 516 800 672 1153 925 799 468 315 526 885 610 1154 38 1341 440 520 1093 503 923 1338 880 876 141 1062 1362 801 313 780 197 496 60 214 927 1243 233 469 312 1350 1169 1074 904 1075 991 918 
140 : 810 758 807 1093 804 806 683 809 1219 1071 1331 731 357 1147 1247 164 741 575 1252 870 711 1002 1217 209 808 178 515 783 1201 811 141 643 77 805 1135 753 726 221 834 790 880 915 1293 414 1373 627 288 355 317 329 
141 : 635 691 68 1315 1143 1336 421 355 1335 1159 1374 302 1353 686 645 1157 1009 502 1161 1226 1290 461 1254 628 1230 615 695 1355 340 405 93 360 413 804 617 776 1098 1096 552 1100 616 622 283 481 602 1004 1011 520 238 1241 
142 : 1393 983 559 283 438 1161 524 1394 84 142 1104 1099 366 101 501 1348 555 1213 670 635 365 294 553 662 537 323 295 1002 36 564 369 24 123 1159 303 35 522 1253 1395 354 668 1040 571 329 398 437 272 1307 509 387 
143 : 635 690 662 1395 1191 1002 1158 628 689 101 1104 1106 564 954 535 1393 1204 1213 546 283 398 370 1161 497 1099 295 524 566 123 556 142 1263 21 240 554 959 436 861 272 55 789 260 1200 1258 655 1192 549 294 120 872 
145 : 637 698 699 803 465 247 779 1339 288 705 700 1289 1332 250 674 1334 680 791 920 1333 712 632 1272 1243 243 1246 701 669 921 200 704 1305 683 678 638 1280 711 601 903 924 226 362 431 74 1197 682 1259 204 679 681 
146 : 1331 882 1289 1270 779 783 953 906 251 728 701 781 790 884 702 265 948 273 1214 495 810 440 187 78 860 14 654 1391 421 807 1334 286 1332 824 76 902 1006 556 508 1105 859 1260 725 96 1327 698 552 1290 204 122 
147 : 638 673 1343 1091 1095 685 1211 631 1356 182 222 747 1332 521 200 634 1328 1393 1334 969 880 433 1064 792 368 1285 1169 125 1163 311 465 790 1089 1373 1385 748 1246 683 704 1162 114 1380 9 711 189 772 797 856 712 206 
148 : 639 715 719 716 67 1348 983 944 717 982 164 153 69 1379 1345 958 163 499 553 77 1141 32 1344 1203 1274 1313 1319 82 274 740 83 617 1028 1346 1000 619 1330 183 436 1393 979 368 506 1391 1375 110 1114 552 1106 112 
149 : 1126 1171 1122 760 822 1067 743 741 740 1118 1069 885 1172 739 1051 1013 1070 897 1123 1131 953 769 1068 887 1117 928 956 951 763 1119 1017 932 886 824 853 930 642 934 849 1052 938 1145 1133 1050 935 1071 843 839 1173 823 
150 : 819 817 823 760 818 1119 825 820 837 1014 1023 195 532 826 1122 1025 1030 767 1121 840 740 867 1067 1361 1031 1015 1026 599 462 1132 835 824 13 284 836 1013 390 1048 1068 953 1120 1059 10 130 397 870 863 451 743 938 
152 : 910 1007 1289 729 1290 1331 516 720 998 1001 27 834 713 287 446 860 728 286 1092 100 289 766 827 783 67 231 711 853 1065 204 313 858 1294 1363 143 594 862 1268 60 1339 1006 588 835 486 1024 880 712 132 1309 716 
153 : 761 1050 1214 906 1126 251 1049 951 1048 956 265 1127 1027 1174 483 1359 720 1211 669 1069 770 182 35 411 1038 1369 1034 1146 826 1128 824 533 317 96 122 1119 161 1205 771 882 1253 1023 1026 1196 925 441 1051 440 558 31 
154 : 762 910 840 1177 744 462 835 837 824 1023 1024 1055 821 863 51 866 825 833 957 819 1117 760 913 897 836 817 644 1363 818 1136 29 1098 870 739 1029 1330 1031 1034 826 1054 1057 1316 938 241 1122 734 1019 743 1178 1015 
155 : 848 764 847 953 846 1067 763 1126 743 1037 1029 739 1036 839 844 1071 897 886 887 841 769 1039 1171 951 853 955 1042 935 1034 854 1051 1070 890 1026 1129 1038 1118 407 885 740 1123 741 1068 1172 821 1013 765 1018 1017 1133 
156 : 847 953 1036 848 844 1042 764 1038 728 846 1037 739 935 1043 1126 42 1070 1118 887 552 1039 1040 594 723 1171 743 886 908 910 955 931 719 322 911 954 878 849 1052 898 890 740 930 909 52 1071 1360 544 1158 1044 1129 
157 : 640 909 725 883 720 220 12 870 29 836 724 729 898 802 911 834 1039 658 1360 497 184 1051 882 137 102 1035 1192 581 415 1012 202 345 722 100 253 884 906 997 1146 1124 1362 221 280 878 804 833 839 1363 762 1165 
158 : 75 884 724 726 720 909 727 640 768 721 723 881 837 92 722 1208 1276 883 951 100 865 834 13 860 882 658 1041 866 743 1045 47 1244 1012 862 835 536 224 151 867 1117 580 1024 31 729 767 1294 874 742 725 1032 
160 : 1008 31 5 711 391 886 859 627 51 864 982 877 66 390 509 658 726 715 709 729 285 728 1305 29 486 434 894 948 978 707 1178 857 858 911 606 1361 720 856 1379 95 860 158 635 766 1387 1348 1127 981 13 727 
161 : 862 642 15 1131 1387 769 915 1396 1013 1071 1173 1117 412 935 31 760 761 932 400 1020 957 1398 889 1032 1026 1172 843 857 890 1035 856 1053 897 888 1017 885 424 1060 1120 1126 827 1037 1399 951 275 1320 1177 763 937 1023 
163 : 894 1008 864 390 1131 392 285 857 856 1400 686 627 391 1111 728 948 858 1392 15 914 766 859 822 593 1026 890 889 736 658 1058 634 880 899 749 1387 843 202 1042 1272 425 29 1172 31 1060 735 1133 1031 1145 1056 878 
164 : 641 422 736 1045 730 648 840 854 647 733 735 284 955 700 936 424 1138 551 320 734 831 389 342 732 527 392 855 1013 1054 15 1175 1119 644 1396 1398 1137 731 264 336 627 400 886 1029 777 892 607 2 570 425 4 
165 : 708 265 704 748 638 780 716 1162 815 360 709 1272 52 1163 801 197 685 790 467 1340 33 812 702 856 902 440 876 204 14 567 439 746 1237 927 1336 594 1349 391 1339 1290 969 312 1153 214 1338 753 593 755 1156 70 
167 : 895 712 1266 676 632 780 1290 685 918 609 465 1188 783 1333 709 1289 634 796 624 674 757 1246 503 1362 1293 794 917 675 597 1133 919 315 1360 551 1392 517 229 861 1271 1316 433 395 916 56 704 164 924 459 1207 460 
168 : 184 875 13 540 390 320 246 243 422 260 782 864 1400 442 1068 855 139 486 746 1145 135 1274 79 56 1319 662 365 1013 1008 1098 1317 1083 14 84 1309 892 1146 694 78 1066 1213 272 284 12 372 154 527 1361 887 1092 
169 : 384 1038 1106 48 605 522 759 932 272 1285 1378 186 1306 411 1218 1308 937 505 423 1307 225 58 954 801 657 1303 359 1351 1117 1062 1041 1202 354 123 957 1074 1206 1192 56 19 936 1110 428 234 1300 1066 1136 1262 1292 1343 
170 : 1304 122 999 1001 197 440 1285 925 360 196 64 1162 290 1095 203 384 947 229 230 434 1208 1115 1328 234 204 679 812 1163 1186 673 688 1218 814 605 1164 695 816 757 1262 907 225 600 601 87 1350 1243 927 973 492 1040 
171 : 246 229 803 520 923 545 1243 1305 599 1124 809 360 431 924 1214 230 1062 235 204 290 811 815 1074 1381 816 384 1239 600 672 225 1259 1380 1075 203 252 1188 141 698 234 638 632 1352 279 1256 791 1328 922 1202 901 465 
173 : 1024 744 926 533 1033 1055 833 1361 863 928 1132 1362 765 897 1034 930 931 956 739 1058 821 647 823 763 1048 1051 838 1056 1363 827 1118 852 822 1091 1331 1126 1053 1035 894 830 1131 1050 953 47 425 938 1137 851 627 1069 
175 : 769 887 890 1145 885 741 1146 897 1070 642 891 886 1068 1122 31 937 764 740 926 889 1117 847 765 935 1116 852 831 888 953 760 1123 1126 846 843 739 854 1177 1172 1174 400 932 1173 1051 833 1038 763 742 841 1071 898 
176 : 1146 769 31 888 890 887 1117 1026 935 886 1030 885 741 1173 1122 897 932 1126 743 1024 1023 1178 642 1056 833 742 891 1021 915 400 1358 1176 1127 951 1052 1050 1027 1357 1070 761 837 1120 1121 1400 1131 580 1013 936 1396 763 
177 : 898 931 1070 938 935 743 930 934 841 957 1130 1001 78 1058 1171 1117 951 371 668 1071 1172 1059 739 1285 1288 1118 1067 19 1129 1068 347 953 937 843 1145 1132 915 1337 1287 929 853 337 514 889 341 442 887 1187 936 831 
181 : 941 775 387 1221 112 206 389 394 147 376 351 537 967 34 1078 227 701 530 1083 879 345 361 1222 504 270 417 305 1360 901 917 460 798 383 491 81 152 128 131 950 1375 309 240 28 1322 145 139 1080 1362 350 676 
182 : 941 898 516 938 931 1070 78 1001 957 935 442 1288 371 1287 514 934 1231 598 930 1395 139 1150 801 933 183 1230 469 389 969 808 1274 230 504 656 668 743 1305 347 25 372 1303 206 1084 535 841 451 739 295 575 112 
183 : 176 997 993 1350 1093 970 245 409 925 696 1074 243 971 1349 610 1292 1075 695 1062 791 519 697 923 969 131 1352 1243 973 137 350 904 1195 1265 924 725 1096 1227 694 173 772 121 1151 520 909 991 672 188 177 179 282 
184 : 1326 1288 974 1095 773 1265 397 1169 1237 1163 387 368 254 374 1283 61 994 1083 337 1329 490 308 451 367 1328 338 340 1094 579 507 697 398 228 18 628 125 1200 1109 748 355 310 1223 1113 969 1060 265 638 389 942 1334 
187 : 5 6 582 981 587 944 869 91 399 585 1073 485 12 158 1207 586 670 570 606 687 28 559 666 45 75 1161 1024 1346 395 518 1258 260 1375 546 695 1393 873 524 120 169 668 267 963 343 861 549 168 398 1140 459 
189 : 945 745 1063 92 1087 1388 762 1246 648 1043 429 988 1219 328 1286 506 1217 987 248 1294 704 834 111 606 989 12 637 195 529 836 321 1124 869 1061 493 592 453 374 425 746 876 1170 519 415 435 986 266 113 36 738 
190 : 945 988 989 143 741 507 987 278 180 367 404 985 298 1279 3 314 73 4 637 1182 990 1310 1123 680 382 527 376 300 535 941 613 828 849 68 375 36 97 427 872 1360 341 1036 951 368 842 255 111 764 940 1301 
196 : 948 859 5 1008 391 729 864 766 627 711 858 285 894 390 66 31 434 856 982 727 728 90 658 75 857 1162 899 886 634 606 251 51 486 15 29 709 749 877 753 419 1339 546 746 725 500 1147 1111 1379 509 1322 
200 : 1021 950 1023 1022 1025 1026 1017 1012 1018 1015 1317 1016 1020 952 1019 1034 1028 1024 1013 1032 1029 912 330 1014 866 1335 955 169 518 30 928 1030 837 951 517 1378 1141 399 168 1292 1125 1172 287 1027 1148 544 158 805 485 870 
201 : 1021 1026 1023 1029 1017 950 1052 1013 1030 1018 1020 951 1146 1027 952 1022 1025 871 1012 1028 761 1014 1024 1031 833 1035 1019 400 743 1015 1050 760 1034 1400 1121 1359 642 830 838 550 957 1214 767 823 1122 1396 866 827 863 31 
202 : 1026 1023 1029 1021 951 950 1013 1030 1028 1018 1020 1017 1027 1022 1025 871 1012 1052 1146 1019 1014 1024 1031 833 952 1035 1214 866 1015 760 743 1016 1034 761 935 932 820 550 957 830 823 31 767 1269 1122 863 1396 915 827 1070 
203 : 866 951 1012 1023 1026 1021 1017 1028 1029 1013 1035 1015 517 1020 1024 1014 1030 743 313 31 1052 1027 964 1022 1120 566 871 1031 835 1018 909 950 725 195 883 96 1178 886 640 833 1025 739 173 1214 726 827 834 936 837 663 
204 : 1026 1023 1029 1017 1021 951 1030 950 1012 1020 1018 1013 1022 1014 1025 1027 1028 1019 1024 1016 1031 1015 1120 1034 1035 871 1146 1052 1067 833 820 821 866 739 935 932 952 822 1214 928 760 823 848 767 31 1122 863 743 47 1070 
205 : 1021 1026 951 1023 1029 1031 239 1033 1013 1030 1020 1017 139 1034 1027 891 1022 871 1012 761 1028 1125 1052 829 140 831 950 1014 915 550 1018 1024 1067 833 318 957 1025 175 774 1070 10 1139 1131 1015 223 521 106 1173 1117 1146 
206 : 952 1023 1026 1021 1013 1034 1017 1022 1029 950 1024 1025 871 955 1052 853 1014 1012 837 866 1030 1015 1020 1035 951 862 1028 870 1018 1326 847 953 1214 743 1171 1172 897 767 1027 1016 1038 1363 848 740 854 1032 850 1068 1118 1125 
208 : 953 847 897 841 848 764 887 846 844 769 1038 854 1171 1123 763 1068 1172 740 1173 765 850 885 910 1036 742 853 851 1042 852 760 890 955 935 926 1066 930 741 1070 1129 1118 1037 826 839 1039 1034 728 913 1051 886 1122 
209 : 847 897 953 1038 848 764 853 763 846 844 1171 841 955 887 826 1068 760 1172 743 850 910 769 740 1122 854 926 1123 1034 1070 1129 1118 1066 1173 1132 1039 765 728 1036 1051 742 956 1067 913 886 819 934 1048 1145 852 851 
210 : 954 1038 1045 890 31 887 1046 769 909 839 581 834 870 497 725 95 66 848 840 726 838 922 915 374 720 955 329 837 13 30 256 1012 1202 729 1015 657 1041 195 75 862 836 762 51 508 580 29 1362 835 722 640 
211 : 1058 1043 1038 735 957 851 930 1059 852 424 736 1135 887 890 843 953 897 830 836 938 889 886 828 740 1173 885 1129 1053 831 258 742 1387 837 1145 12 1015 1123 1137 1174 1044 850 840 1392 741 765 841 728 1171 1214 760 
212 : 954 887 769 741 890 1136 1042 1135 827 1125 1175 953 1038 885 1071 1134 841 897 854 1201 1123 922 765 1009 870 301 535 935 763 852 374 1173 1068 740 851 843 1172 1093 531 889 839 1301 156 742 1171 665 227 1247 760 1067 
213 : 954 1042 930 953 1043 763 955 1051 839 1052 1174 1171 1044 743 1294 885 1123 1129 1070 826 887 890 1068 828 741 765 841 1145 1135 1071 1137 935 843 854 195 581 769 1360 851 852 897 889 412 1038 1041 498 279 421 1118 1036 
214 : 955 1045 839 1363 840 763 854 954 1340 740 1046 1126 1022 846 856 838 1051 1176 855 1357 842 847 544 891 746 642 937 1039 629 261 1042 42 1400 743 1134 1178 844 428 272 1397 848 876 337 1142 1258 1100 1171 1130 480 596 
215 : 1045 838 1051 1046 763 1126 955 641 839 1118 520 827 915 823 866 928 1359 851 829 1123 1171 1176 1310 1130 863 744 848 1048 441 647 1081 765 1396 821 261 884 635 435 1022 932 1121 956 1119 1177 791 42 251 69 1122 19 
216 : 1045 955 840 854 641 1175 763 1134 839 730 1137 1034 1130 932 1176 954 223 1052 1146 1022 1359 1046 740 1051 838 1363 926 482 888 741 1177 1307 1301 742 1081 894 1120 743 1042 928 1121 883 837 891 733 186 849 635 566 647 
217 : 1050 956 1049 1358 1069 1357 1171 843 1128 850 1126 392 761 888 647 1145 1387 885 1034 1127 852 889 1396 1060 1119 1397 1398 1399 1392 1172 935 1048 1400 863 422 391 826 390 1051 1137 1067 720 191 733 1129 894 951 1008 844 356 
218 : 1048 956 1126 1050 761 1051 823 1069 822 951 1118 827 1049 1044 928 720 744 1015 888 1127 642 829 852 926 915 763 838 740 826 1396 765 839 932 1178 1177 891 1022 739 533 769 1116 1122 1359 851 1174 1045 894 863 1084 1021 
219 : 930 1058 931 926 1070 898 1059 935 1363 957 1051 1053 937 951 1361 938 769 1360 737 802 852 889 741 826 633 1118 1044 1131 1138 1135 742 934 851 843 19 423 1024 1000 915 822 136 743 1091 1048 740 1068 739 130 928 833 
223 : 1074 1062 1075 923 1243 791 970 696 1202 1272 672 223 799 1108 814 252 231 230 1259 924 431 232 927 991 803 124 60 969 225 663 1339 188 384 179 993 273 284 695 610 229 896 520 360 201 918 1115 708 1341 234 795 
224 : 1062 676 289 678 1075 409 250 465 919 203 1306 1290 307 142 557 781 492 1246 752 748 1006 503 1074 52 1099 1362 1234 1266 1339 1331 147 652 632 1332 1188 432 1334 434 1397 1381 605 464 240 1021 222 927 671 783 468 63 
225 : 671 250 1362 547 652 696 678 676 1225 1339 1062 683 1188 632 1076 324 465 284 970 339 1064 23 333 1331 406 899 672 1075 346 1074 1266 74 133 1332 924 1334 1115 147 52 783 1341 336 227 1106 991 340 326 95 1355 674 
226 : 1063 1085 393 394 1082 1081 323 1078 1235 117 666 1394 171 149 128 300 1391 1088 551 584 1053 943 329 281 1317 349 1086 59 1369 111 1146 644 703 1389 422 670 228 1079 299 771 863 1054 367 778 1080 1312 956 454 1233 1036 
227 : 1088 1063 1086 111 1054 1055 785 1087 479 1389 1262 832 1362 367 916 551 32 349 584 451 659 943 1053 1382 1390 351 833 692 863 987 266 1210 656 684 585 1019 941 575 59 1341 281 1317 159 1375 1267 719 1061 730 383 644 
230 : 1101 1065 1099 1096 806 553 804 968 1090 805 705 900 1318 1007 1100 1097 76 1028 1279 781 516 1011 1004 141 480 82 1163 905 1008 749 1098 587 1241 1162 679 755 431 505 293 809 610 602 1006 57 439 1161 1010 1226 594 1003 
231 : 1096 1099 1065 553 1097 1100 1098 761 1279 818 866 1015 403 1117 509 817 463 534 1340 1025 840 274 82 1302 119 462 1042 829 592 1027 1071 906 890 981 1392 204 1043 870 1127 952 1024 1101 51 542 762 1160 836 982 796 1019 
232 : 1006 160 318 556 1377 1105 473 25 1179 372 161 370 626 56 1253 1281 1356 493 498 1393 994 456 1151 557 1224 295 438 1075 85 947 465 369 946 469 273 1391 531 332 1243 423 976 541 1002 523 93 174 575 993 544 1262 
233 : 405 302 691 1011 949 552 1269 1335 1010 421 1298 524 378 609 348 1009 1199 328 283 1185 586 463 69 982 876 622 616 1230 259 1015 1161 30 481 185 583 169 195 1263 1043 1003 1336 34 262 630 541 14 878 292 125 330 
234 : 1066 1197 1115 1259 716 1339 1293 969 801 1112 958 919 895 67 544 849 802 273 723 1035 326 1289 708 902 432 916 728 1322 899 625 922 1379 1005 643 1321 846 248 718 52 719 233 925 1305 100 1036 781 983 468 844 815 
241 : 1071 885 769 887 890 1134 741 953 1173 841 740 1172 763 935 897 1038 1123 1126 888 765 1037 1068 889 1042 1146 1012 843 926 1174 1039 839 830 743 1131 1118 31 1051 1044 853 826 852 930 739 1052 822 1070 1036 954 400 760 
245 : 1386 54 55 539 1192 376 1185 145 546 527 240 461 460 307 72 1182 50 1366 324 399 366 348 62 784 326 662 314 1281 1371 364 1301 959 135 775 241 365 306 1375 352 489 49 525 435 1385 1250 81 962 943 21 1222 
246 : 55 460 489 559 145 54 461 1386 376 306 292 348 366 565 326 111 320 477 81 16 1182 135 1366 62 98 365 364 457 21 562 1185 1192 539 49 1383 352 71 1281 50 323 94 1385 1236 23 662 1241 1393 1109 72 59 
247 : 492 232 56 57 973 373 434 1231 37 27 124 1311 688 708 1307 48 1285 1186 234 354 469 248 1218 1304 327 540 626 359 233 25 1381 573 1262 1310 1213 494 508 20 1077 69 1229 999 122 655 577 443 1192 1355 322 1040 
250 : 265 311 503 415 358 316 1187 291 71 1257 1216 1287 439 416 504 793 1276 1228 655 1364 460 1367 457 1385 757 461 196 1106 798 1383 334 1220 569 1239 105 112 1311 111 663 335 1166 256 797 794 276 155 773 1315 421 55 
251 : 504 71 1276 72 64 491 978 663 335 1269 265 209 775 410 241 383 569 376 417 326 306 1375 414 943 474 521 1109 1302 563 112 961 1268 1241 1212 1220 308 142 970 305 381 460 54 1154 309 671 74 1371 759 495 1257 
252 : 504 1276 71 663 72 265 209 1302 376 326 55 142 256 36 334 64 569 207 17 491 636 305 421 970 460 377 309 978 1371 1257 496 1237 418 1171 336 1386 1322 798 286 335 54 1349 73 1321 532 694 271 1212 1311 296 
253 : 553 1279 274 1065 1098 1100 981 761 1043 1158 1003 592 525 82 536 1009 1185 540 307 1299 1010 1241 556 557 480 1157 353 645 327 364 603 1007 877 980 319 305 665 481 762 84 77 1230 1089 37 1011 401 1379 1096 576 365 
254 : 750 965 118 127 217 591 301 136 157 341 774 221 1187 970 1009 172 656 696 694 1230 1326 942 575 1354 276 1353 166 213 430 693 511 1043 941 997 1297 974 412 604 1010 219 173 648 561 215 529 1384 519 131 218 692 
255 : 750 965 118 217 136 157 127 591 301 774 341 1326 213 221 1187 694 696 970 1009 172 276 166 656 430 1230 219 472 942 575 693 1354 131 1353 215 604 1010 949 173 721 692 218 529 1274 511 1366 1157 1319 608 941 997 
257 : 238 893 239 904 139 223 1082 905 175 906 140 1205 189 165 213 272 1264 1004 1195 1107 10 1033 177 1191 48 9 11 710 1319 731 815 1156 713 1040 1351 1025 1257 519 745 996 430 1149 1292 534 536 592 946 949 670 951 
259 : 516 431 141 252 594 904 188 1155 812 631 602 179 714 791 1153 1004 608 598 672 1066 795 1011 800 755 1395 76 668 809 1065 335 970 1163 1008 1000 505 311 808 799 1074 994 125 713 1154 657 1007 238 1006 1351 1101 728 
261 : 320 527 322 321 107 478 476 1235 1370 424 150 736 422 551 1251 452 23 366 72 365 479 934 537 1083 417 731 323 1253 425 394 981 157 6 855 375 559 734 264 542 266 732 28 155 472 1393 585 1233 533 111 1219 
264 : 532 451 367 1067 931 767 934 703 916 777 1054 956 731 351 759 785 1320 90 1086 356 290 1073 251 376 1129 630 113 1047 91 470 1270 1088 385 17 1163 21 1117 117 300 1392 1379 1071 538 1171 1240 111 155 485 357 841 
265 : 483 501 533 523 35 1157 1151 1390 1319 1274 1264 369 1140 37 1204 411 1257 329 1216 1156 684 679 929 182 524 1198 178 230 983 1189 1327 58 1007 705 1284 291 656 1314 654 186 609 552 175 25 367 1122 706 805 160 764 
266 : 941 1221 254 238 139 670 1080 34 351 417 361 1222 1082 491 270 387 668 1191 400 1322 112 949 1256 206 1394 755 79 550 537 53 666 415 1395 1007 246 630 338 939 624 182 1264 1188 43 710 147 713 1211 1146 966 816 
267 : 963 542 1073 586 5 981 30 944 587 1375 399 181 485 1207 667 581 978 570 509 159 119 639 1221 872 585 1183 670 535 153 396 387 869 160 941 584 582 1058 767 379 497 95 28 666 546 668 1161 260 463 164 184 
268 : 543 590 592 138 589 237 588 426 214 216 578 591 576 772 1069 642 1102 213 215 1089 985 1371 769 1034 1207 902 895 1117 18 418 760 1122 381 581 1354 845 1171 675 990 1111 723 722 1093 862 1168 1356 382 687 938 330 
269 : 543 31 590 592 511 984 387 772 591 1171 214 237 589 426 138 216 985 221 1275 1183 1368 588 236 693 968 1153 1155 990 940 957 578 932 769 822 1209 692 1085 523 1293 18 1116 835 1304 827 819 1323 888 813 962 643 
272 : 633 224 680 428 918 682 194 247 930 1080 232 753 512 854 250 200 379 1343 231 227 147 951 849 802 1196 458 1261 514 257 562 122 433 1267 1388 259 278 271 52 674 940 97 470 1047 1271 1075 852 294 229 1266 675 
273 : 617 548 616 622 1324 1391 719 969 621 613 1150 1103 1348 1166 218 85 554 1232 275 620 614 314 882 810 880 691 1040 436 807 799 1163 960 7 555 1102 1000 109 401 619 1147 67 806 1345 1292 1351 1299 1077 716 86 805 
274 : 997 993 176 243 1350 409 1093 970 1243 1074 925 610 725 696 1075 1062 971 1349 1292 245 695 1352 791 519 697 969 131 233 973 350 904 121 1151 1265 1096 1374 126 1306 909 991 672 946 221 923 177 1021 174 1223 171 1195 
275 : 634 685 686 593 655 211 1300 712 39 1338 1290 544 526 675 753 632 201 1228 1210 1339 880 444 572 1188 856 484 440 70 464 285 503 380 442 701 1248 1267 421 1111 52 511 312 674 597 736 1311 204 749 1194 687 857 
277 : 809 758 1243 811 807 808 806 883 1226 804 39 1177 88 805 268 997 993 253 783 71 409 1247 1350 1277 1045 810 1203 583 942 642 1142 439 1092 683 555 199 1170 1342 523 1352 341 590 823 774 1128 1111 1237 238 1311 952 
283 : 207 515 715 716 67 281 813 717 162 790 509 1329 895 917 1000 202 164 1348 1333 658 698 764 1322 1113 1346 944 153 1345 200 982 1047 361 138 1046 1244 353 163 639 1259 618 441 848 713 919 554 1313 245 251 703 687 
284 : 864 1008 285 856 857 390 858 391 948 766 627 859 911 15 878 658 728 711 1111 894 1290 899 31 914 686 729 753 879 1338 727 75 1337 634 1341 1127 781 1392 880 444 747 643 726 362 202 1387 1339 486 749 709 380 
285 : 1243 1074 1062 230 803 923 1075 229 252 1111 431 672 924 993 60 795 791 520 17 233 1239 753 809 1350 610 433 188 179 971 266 1092 970 808 437 921 1153 752 1169 360 370 696 925 901 447 1221 160 420 688 456 531 
288 : 763 847 897 764 887 1126 839 769 1172 743 955 1171 841 838 953 848 1123 1176 1070 936 1173 1068 846 886 1071 852 1067 742 850 1051 740 853 831 935 885 854 926 741 1129 1118 827 890 1130 765 826 891 830 392 929 1117 
291 : 725 722 640 908 102 720 909 729 220 29 137 1279 997 1146 764 911 78 1331 581 724 1046 113 781 497 834 826 1360 805 184 1316 202 1195 1298 1160 66 138 728 100 95 898 1016 1039 953 743 658 1102 345 195 30 1270 
292 : 767 883 909 865 768 726 732 640 884 75 1334 498 215 868 602 1360 870 727 581 1332 762 135 399 724 1177 833 426 437 1362 1242 543 246 1279 881 948 31 720 1180 92 907 302 867 81 18 1057 592 29 837 1188 95 
293 : 390 15 1111 769 728 627 1069 911 856 895 52 766 1008 391 723 1339 685 634 518 14 948 864 725 1322 862 285 1122 122 915 760 1066 722 67 720 846 1177 858 1325 1034 704 642 844 425 857 902 1207 847 1183 1035 432 
294 : 285 864 766 31 15 1008 75 728 894 541 899 827 391 911 658 914 948 627 390 858 319 1242 1042 856 857 236 1392 859 727 720 209 724 432 1387 593 589 1111 1203 722 1339 1208 1276 199 52 73 719 686 1249 878 380 
295 : 735 641 733 925 734 647 875 850 1084 1170 1178 648 730 1175 1399 888 1398 1173 1234 159 1058 386 1014 1059 934 745 1363 736 896 515 128 392 207 1379 419 1184 844 777 186 743 460 660 821 1056 677 42 897 1015 425 1057 
296 : 735 733 736 730 422 734 648 641 424 400 647 145 425 281 1060 861 1053 15 13 1387 886 1054 392 1129 1392 644 551 863 1396 454 266 756 1389 1088 299 833 627 1108 703 1029 1370 390 1240 93 887 458 72 737 856 1233 
297 : 642 932 744 957 888 1359 1176 1177 1178 1131 956 1173 1126 740 1117 1293 938 1069 831 741 1022 1145 735 863 760 1050 1172 1116 1171 1123 739 1038 769 885 839 1122 1012 897 1017 1067 1046 1130 1016 743 533 1070 823 822 934 850 
298 : 642 744 932 1055 831 1131 1067 863 739 1054 451 457 627 1126 1172 1293 785 888 1116 1171 777 938 839 1177 741 1359 956 1173 485 1068 1362 740 1145 1178 1069 130 769 515 1309 1118 1123 1122 928 1294 1182 1050 957 833 320 887 
299 : 184 875 1008 746 1361 486 864 1346 390 966 662 1177 1311 13 14 246 1323 715 1147 102 442 847 284 711 1237 12 123 1281 577 1274 494 57 51 243 141 540 1319 342 1097 180 261 865 152 359 1253 1066 349 140 1213 642 
300 : 884 768 723 881 726 909 746 882 724 640 1168 883 775 1312 75 865 261 1236 234 866 1397 1119 720 1315 767 953 230 999 867 920 804 864 575 656 925 1148 727 1034 1231 1120 1400 952 1224 1244 1167 292 100 6 868 927 
301 : 886 887 897 743 890 769 843 1067 1171 1126 935 1174 889 885 1146 741 826 1070 740 742 763 1123 953 848 1051 851 824 906 760 551 1052 1027 1117 847 251 1173 1145 841 1055 936 957 1122 798 830 853 424 1042 1053 739 955 
303 : 931 1058 930 833 744 1362 739 1294 1070 1055 898 1131 1059 1091 935 130 1051 1052 451 515 1071 1054 337 937 1053 827 938 769 863 852 627 428 828 777 596 1117 1118 1044 1068 934 682 533 831 851 1067 19 232 1024 822 915 
304 : 1071 1053 322 1134 54 1138 885 1070 1117 897 940 851 1375 400 769 264 639 760 1137 935 887 833 467 890 320 826 1044 128 741 843 841 461 1029 1043 1146 1034 1123 889 886 953 370 31 763 1052 957 1068 1386 830 936 1178 
306 : 625 401 1296 1297 1348 410 1299 716 1345 69 291 576 1279 541 944 1151 1295 1394 509 323 24 1346 318 982 1379 578 983 163 77 717 1217 1189 1157 1344 1364 1245 1347 1219 353 1391 1374 1213 903 537 517 275 138 1253 1241 666 
314 : 1285 1310 411 19 1311 122 981 670 232 1231 186 294 687 36 1274 1378 1319 226 605 925 56 203 932 1062 252 371 1304 230 497 626 760 1309 93 197 920 1076 214 27 639 679 924 70 332 600 327 808 211 612 567 535 
315 : 1285 1308 38 58 48 482 359 940 370 211 362 768 225 961 1310 294 1231 1306 1378 546 592 882 605 101 411 1333 182 1311 1074 1262 122 1301 814 652 1125 927 1087 1323 1211 345 999 600 234 461 656 648 1206 1076 575 1192 
316 : 147 1080 937 208 133 678 1310 1076 573 496 1311 508 664 1262 444 372 58 763 667 1191 1370 1368 310 1258 1307 1253 443 298 153 1274 1375 1157 1229 567 1319 370 26 465 941 1339 1072 455 120 63 383 324 423 305 562 1001 
317 : 1287 912 1381 1182 1192 1199 1172 352 465 131 133 1323 337 1069 1367 1321 344 527 959 1213 1076 72 21 461 391 393 135 381 838 540 37 42 547 334 1320 1109 326 84 610 933 287 572 1100 261 382 685 376 336 9 1257 
321 : 1290 879 1338 312 440 516 880 1341 780 38 468 638 1269 876 467 496 469 795 526 431 598 709 809 214 313 1006 567 252 335 503 197 812 1336 750 790 948 121 685 1153 878 801 466 1154 118 800 411 708 124 783 1101 
323 : 1338 362 747 1290 749 365 1341 1111 593 678 442 380 879 859 643 174 308 746 189 39 76 748 686 391 946 679 14 1337 1339 948 902 766 632 1188 703 274 439 878 434 1036 173 1035 337 698 440 441 858 699 591 819 
327 : 1291 1344 163 1345 1346 164 275 624 1347 1217 716 1348 1352 712 204 1219 598 1196 709 357 566 1239 1163 33 1092 982 638 232 1266 1080 1289 356 1124 465 274 69 1300 1177 1323 113 780 213 415 1218 812 707 759 77 683 1212 
331 : 1364 959 358 526 187 256 240 798 651 38 376 960 336 417 996 254 271 1225 671 418 337 527 327 623 335 872 135 45 89 1241 1278 207 1323 121 1106 478 972 487 461 305 933 458 378 16 291 315 961 555 974 455 
332 : 1172 1145 1171 1126 1133 1132 887 1068 885 938 1125 953 956 1037 761 957 739 831 1173 1118 740 1070 1031 760 1071 769 897 743 1131 642 891 822 852 1034 1130 744 1067 889 853 1069 894 1122 886 828 1048 1177 1128 926 935 826 
333 : 897 769 885 953 739 935 743 887 1117 886 1171 890 1067 744 1145 1126 1070 1174 740 741 1051 852 1071 1173 1055 1133 1125 831 763 1123 1122 889 1294 1172 1034 957 891 742 848 1052 1044 847 937 760 851 828 841 928 843 936 
335 : 1177 888 1178 1176 1293 838 885 1132 769 1133 31 1070 886 1116 642 823 1146 1130 1173 864 890 1012 1031 858 839 1399 887 1045 1129 1359 932 740 1046 419 1123 822 1126 1172 1121 1051 581 760 741 1060 841 1015 954 400 1014 765 
336 : 1146 769 885 741 1173 888 1116 642 887 1038 1178 765 1117 1145 1123 1122 1121 1126 890 852 763 744 932 953 938 1067 1050 1283 891 31 1176 823 23 382 822 105 954 760 1175 842 740 400 845 839 956 1018 1012 1069 928 843 
338 : 1294 1362 828 831 848 1043 1036 451 930 1044 1042 777 739 744 1154 47 1058 756 130 46 1071 931 1054 92 1038 1059 428 1055 827 833 202 764 916 596 1037 351 231 1068 954 1067 515 349 389 470 830 741 1039 232 457 390 
339 : 535 1234 1253 482 25 273 1205 295 68 1311 666 472 1204 456 357 516 170 294 1238 625 1198 947 508 411 540 997 85 533 421 979 707 317 35 211 536 283 2 574 1356 1005 985 44 415 1161 1391 1142 808 423 124 1196 
340 : 958 1269 1206 692 407 39 905 1225 1220 175 330 1006 1364 1156 345 968 623 800 1077 1107 904 974 1378 1274 506 993 1319 344 466 665 693 1102 1230 153 650 1091 1389 694 268 612 695 212 914 411 764 1267 480 636 423 472 
347 : 323 1395 983 1318 438 670 559 324 1393 1161 1002 1151 1159 1305 142 666 1394 1213 283 334 35 655 37 2 1204 1143 295 625 154 369 1073 1107 329 36 44 1274 84 523 667 1319 1326 180 629 1263 349 501 946 322 25 689 
348 : 323 670 559 1395 983 1281 438 1393 1161 295 154 655 283 1002 1394 142 666 180 36 35 1213 553 324 629 1204 979 354 1237 398 1106 1147 369 566 101 329 524 44 84 294 1241 1263 1107 554 21 436 493 161 1006 20 1104 
349 : 1221 208 1222 993 447 79 657 992 1281 268 449 1191 971 228 1256 73 664 809 361 892 537 371 487 7 270 566 947 428 660 710 315 1229 1179 1107 342 197 269 1247 25 63 663 261 194 1082 713 1111 254 190 721 299 
352 : 325 1375 231 527 292 16 1261 461 585 378 1182 629 241 4 261 433 336 266 1275 155 339 309 458 395 1148 1241 457 1183 194 376 1384 1012 382 1100 1192 91 322 1355 559 1078 1302 70 734 111 786 375 981 1149 324 662 
353 : 1182 194 559 292 1084 3 754 1366 839 1386 652 1375 637 378 1221 1183 458 1005 49 435 489 527 653 1056 528 662 833 1370 579 1109 587 1371 540 11 966 580 1051 1294 369 1227 336 181 1301 586 4 738 1281 406 246 36 
355 : 1130 1399 419 393 400 1048 1070 1178 888 1177 1132 1037 1396 1176 1116 1398 862 3 1293 180 863 1387 389 1173 31 1359 324 1008 664 1133 864 1400 4 1060 412 1050 1397 116 1014 887 2 838 1172 388 915 1120 15 929 956 1360 
356 : 400 393 1399 419 1400 3 412 1050 180 1396 389 398 1387 1121 388 418 664 1398 4 1048 1008 1397 1358 1357 324 659 1130 1117 65 1227 854 943 820 826 1359 1037 2 940 109 644 1392 538 484 1251 1119 1173 956 863 953 629 
360 : 1312 317 405 1286 259 175 1314 401 656 1296 575 396 140 488 139 1011 576 1157 236 1315 1298 1316 283 1318 1009 1299 572 85 523 949 1230 117 611 541 1317 744 124 983 688 110 26 1374 323 570 167 178 302 123 1252 456 
365 : 1380 1188 1124 674 638 1345 650 226 416 834 708 1256 780 683 141 748 279 215 200 513 816 1291 368 712 794 312 235 566 431 791 246 713 1 1344 1332 701 709 1352 1334 1136 711 225 367 746 1348 685 797 253 1300 213 
