001 : 486 51 184 12 573 878 944 359 141 875 665 78 329 663 747 1186 435 56 746 14 332 1328 685 526 195 879 13 240 453 84 876 1144 414 378 925 817 1113 1194 584 497 220 1158 726 429 280 29 1042 253 1191 1155 
002 : 12 51 884 746 875 1089 1170 141 724 1169 172 810 14 747 729 726 700 1263 883 429 1042 75 781 184 1158 1380 253 374 908 878 607 1217 78 896 486 792 1379 846 390 876 284 658 578 288 1095 606 1163 925 833 364 
004 : 485 5 399 181 144 90 91 582 579 542 6 584 1073 281 349 119 785 587 585 509 707 159 981 476 387 1370 980 586 944 625 145 95 1183 395 486 518 978 1389 982 350 422 1295 962 1279 833 546 1207 72 398 463 
008 : 488 166 1061 1189 236 1255 167 1315 1085 1275 1374 185 575 259 355 1312 410 1160 541 1252 583 656 1011 574 24 378 190 1077 1192 437 317 1296 1254 1010 435 914 103 1242 86 645 170 1026 1297 1199 576 851 1198 159 273 332 
009 : 1032 103 401 943 552 1296 1272 625 746 650 849 1379 488 968 410 355 1391 708 1295 828 342 575 130 925 359 1219 172 368 540 26 824 328 163 1305 1102 1374 813 1147 77 101 536 108 68 1072 1389 357 981 1283 1065 1180 
010 : 491 257 385 386 271 1196 610 418 345 1374 409 798 406 1075 1273 959 767 243 1364 802 72 646 1282 121 137 1363 142 915 294 18 883 861 397 265 413 1308 1174 339 558 1146 1190 398 544 640 256 522 377 128 74 154 
012 : 492 973 434 57 56 232 124 122 1231 1381 688 373 234 354 248 1040 1350 48 312 988 708 1307 1115 1006 1077 801 567 197 58 698 1347 225 694 233 443 498 69 1262 1114 1192 693 189 32 37 993 27 1355 712 711 695 
013 : 492 122 19 69 556 248 124 232 292 1231 433 1193 947 234 48 1104 639 231 360 469 924 1350 988 1262 1192 1006 1352 498 1218 373 801 1307 993 197 56 1077 1106 354 1285 230 441 1000 1114 1304 461 901 1259 753 1179 277 
015 : 45 102 398 549 983 5 303 270 221 1099 743 61 144 524 489 347 142 756 21 1258 848 550 55 168 436 1002 707 555 839 1213 101 784 71 754 585 847 74 387 120 37 310 98 763 559 396 123 572 670 343 269 
018 : 405 302 524 1143 949 493 1010 691 1286 1199 583 1009 616 436 421 110 69 1264 541 1077 1335 1150 332 1003 1312 656 103 185 1274 1214 1250 1319 621 575 1180 328 127 125 183 236 1098 1099 262 329 481 1185 283 975 617 259 
022 : 495 654 1327 72 273 1157 93 28 472 370 473 1238 305 262 556 160 1206 667 177 572 567 1356 941 1314 192 107 745 304 309 1310 201 25 814 1200 308 777 1147 27 508 110 1156 665 1280 264 557 1181 2 593 258 1186 
023 : 650 624 506 543 941 1232 649 966 1223 652 1221 590 1164 939 602 270 708 245 86 33 1289 1094 592 203 631 491 806 807 1209 11 1379 792 557 387 1165 632 112 1331 1227 671 324 1332 704 215 52 34 1091 276 810 1064 
026 : 496 903 313 520 38 440 880 643 415 879 199 1099 797 853 503 468 312 594 143 258 526 780 1017 469 1183 1332 1268 660 1334 795 335 1037 1242 1163 801 1290 577 713 316 1338 403 521 587 118 927 197 231 1260 876 404 
027 : 64 402 256 291 65 170 439 335 1303 1314 1327 345 1364 132 265 903 190 490 568 319 411 308 798 608 169 1157 1102 1228 630 334 209 178 806 358 939 207 124 482 296 572 1317 192 1312 1276 71 569 517 1313 310 1299 
029 : 462 1099 463 761 1340 1025 817 1096 866 1065 1027 1043 542 553 509 1097 981 1127 1117 1024 890 1098 82 982 1279 1100 119 840 1015 1042 592 762 1071 822 818 403 1322 707 1019 952 870 766 836 829 51 37 796 1136 77 740 
031 : 498 106 93 326 494 849 814 869 1301 1006 528 468 1112 231 1286 1043 927 1259 803 1255 161 918 1108 652 248 1124 1037 384 1246 802 234 410 922 1280 1188 360 208 154 372 233 669 1358 25 1400 1063 1393 607 273 1243 1352 
032 : 336 106 1108 1301 700 445 1281 607 1253 981 264 577 963 551 1235 652 1083 410 527 1197 672 362 60 326 916 2 1206 284 368 4 498 372 714 389 601 404 1149 1036 583 472 148 494 849 87 1179 1042 97 158 6 1201 
033 : 492 248 498 197 56 1352 234 1231 801 354 69 1005 360 57 106 1006 232 154 19 1262 122 124 1114 231 225 1192 988 196 927 421 1304 1104 1259 1350 312 688 58 947 993 922 567 468 435 946 1307 48 373 694 1301 1124 
034 : 706 714 1346 713 82 286 1331 987 237 222 1000 1279 260 44 270 1291 1309 482 297 1005 442 1119 93 927 1260 860 1347 27 152 1242 1348 586 1261 1296 868 402 409 328 164 594 446 498 261 69 61 1219 1009 201 1006 417 
035 : 500 268 88 450 87 270 407 1371 26 966 1106 1008 396 190 584 112 267 458 607 993 416 1273 300 265 877 1149 104 269 902 1097 860 1154 963 981 44 490 296 477 408 625 1247 636 439 95 1181 63 102 114 123 22 
039 : 502 271 686 302 68 343 1007 628 377 1156 81 413 96 663 1385 411 1011 1263 421 538 1004 947 342 1264 195 1237 1212 1051 508 1337 340 578 17 1176 874 1199 710 334 292 63 1159 1157 883 238 562 338 1026 1161 572 429 
040 : 254 560 413 81 50 153 125 861 348 565 307 306 16 55 207 346 406 474 62 66 74 61 547 1212 165 1298 980 120 140 72 260 562 9 623 962 378 398 71 377 546 610 525 1365 381 21 322 606 655 261 1261 
041 : 892 718 902 708 899 130 1259 1272 530 753 698 14 1197 1287 1112 11 919 1109 586 141 798 879 185 237 1103 815 955 1151 453 906 1111 903 202 28 137 977 33 166 804 1064 1104 1369 1289 444 74 1275 699 700 1158 872 
049 : 756 46 883 1361 51 47 724 1362 12 612 1034 650 374 102 884 1170 334 727 738 869 1217 157 75 833 1088 583 729 723 781 837 875 274 280 1294 1015 439 85 81 993 767 1024 1204 92 1317 845 1226 182 726 1131 1172 
050 : 215 277 214 213 121 216 511 772 212 578 987 134 1288 588 989 11 97 1367 426 1202 409 945 455 658 1228 138 1243 345 358 988 540 1329 990 37 1306 647 172 170 482 186 241 487 798 592 352 589 310 288 969 1222 
051 : 382 4 568 145 307 611 305 629 96 348 180 21 3 306 1355 1278 547 135 389 1076 326 376 346 1282 393 527 610 525 664 148 327 1365 72 732 310 1200 562 381 309 1302 1325 308 8 570 23 50 996 560 1109 1324 
052 : 1176 1031 512 888 1293 1035 1178 1133 224 838 1129 1070 279 886 1132 1177 752 733 952 674 803 826 247 367 1124 679 215 189 1362 1266 683 916 521 251 1188 680 256 451 147 246 250 921 780 1131 76 593 612 1039 13 440 
053 : 367 674 451 752 1048 503 1130 1362 683 906 235 803 981 251 677 840 781 704 226 1050 864 247 1342 1311 1075 246 680 1207 250 921 1131 27 13 521 967 39 698 758 612 485 1023 924 833 249 916 777 920 675 432 762 
054 : 465 146 612 420 900 250 513 601 561 901 222 514 464 683 803 902 147 200 334 211 1218 1005 26 1107 1229 544 757 787 191 797 752 545 225 1267 796 776 674 793 749 688 1300 1034 633 699 1203 632 686 226 569 52 
055 : 513 633 683 1197 601 250 902 222 602 545 420 1058 935 791 45 752 577 465 921 680 901 925 1186 191 247 464 147 289 895 19 466 432 230 60 229 146 918 126 801 919 600 1070 941 898 923 1188 514 657 916 1111 
056 : 751 1209 228 1153 1245 918 362 551 247 895 1082 916 749 698 860 1341 332 433 424 1390 743 1040 699 68 15 1292 1106 1339 975 669 1400 704 180 885 920 1149 1320 179 188 915 205 442 1370 522 1325 1350 712 573 176 1393 
057 : 752 250 1186 468 1259 382 901 247 921 230 601 683 289 599 686 919 922 147 1215 926 941 1355 134 1038 1197 877 1074 920 467 1112 714 513 791 918 898 1266 52 885 146 1272 313 848 600 916 1060 739 432 545 464 433 
058 : 516 141 431 252 598 904 594 76 1163 791 812 808 608 1153 602 668 1162 713 1155 1004 1066 1395 800 1011 755 795 672 714 1065 809 188 1001 631 1349 1000 358 799 179 372 1350 335 970 1106 1008 1154 546 311 1306 605 790 
059 : 516 1153 795 1243 1350 431 1062 594 280 1074 904 141 672 175 1341 1142 598 1305 610 799 1155 800 252 520 714 233 535 1353 198 809 182 618 430 188 230 1229 1092 40 876 1211 179 256 604 1154 602 971 466 993 1066 856 
061 : 319 488 1208 1189 654 1276 1327 1203 1160 875 1314 1389 1244 1084 925 190 166 75 720 209 1312 913 207 310 1288 1234 998 308 161 1077 665 517 169 159 132 724 1103 1322 1156 297 156 745 575 1245 515 1315 151 1318 1061 170 
062 : 398 387 303 1004 959 168 963 550 123 269 21 353 623 1222 546 144 343 524 347 55 1192 565 74 666 120 983 518 559 661 436 306 975 980 1215 1395 348 283 566 102 564 1393 145 1002 872 45 333 354 98 36 81 
066 : 1311 186 283 409 1229 606 234 1306 979 461 1352 69 950 952 1116 947 1231 345 522 176 126 311 223 277 121 891 48 1307 470 1074 230 1106 671 1225 923 1285 571 232 655 519 999 10 110 241 173 97 814 714 482 1066 
067 : 536 1211 154 1152 710 89 24 976 182 796 17 1279 1201 294 25 1141 558 1238 433 446 36 279 979 272 40 1391 57 1278 1373 723 1183 373 233 338 19 85 7 289 531 670 1205 1196 79 800 360 535 1230 186 293 43 
068 : 1205 1257 346 293 43 272 536 1264 337 992 505 996 1278 655 8 79 418 1155 1211 265 959 933 37 40 1215 207 53 314 182 7 96 330 1284 80 668 125 1220 1381 1383 526 504 9 113 3 610 1300 1302 796 1080 1055 
069 : 536 1205 272 1152 1257 1080 346 293 1158 43 1141 558 37 655 1264 1183 330 17 1196 154 535 113 976 1368 525 418 979 41 171 992 446 409 9 996 505 862 401 289 89 79 85 26 282 8 126 130 933 123 1211 337 
071 : 289 1152 229 433 432 1277 520 927 288 879 464 434 549 225 901 1342 1305 1340 222 126 420 675 527 1243 643 793 279 1202 513 714 278 678 755 284 799 1141 601 703 1090 652 825 230 1074 1191 686 121 191 900 676 195 
072 : 521 526 440 503 469 496 468 312 313 38 467 404 439 1320 797 879 880 1154 903 335 801 795 121 1267 124 924 26 685 780 118 1338 1265 197 634 901 1228 1153 918 917 31 750 757 1006 1290 900 680 1341 774 278 796 
074 : 469 467 404 194 503 312 440 1070 313 526 201 1194 903 496 521 39 468 848 687 919 885 1210 706 193 877 1153 1320 1087 685 379 686 1248 990 1197 1267 492 702 652 398 1324 470 940 703 991 229 235 1338 1329 122 752 
079 : 1190 108 103 1031 1199 367 1148 1269 840 1160 760 849 943 357 317 1228 862 1226 1132 27 169 1312 183 231 665 1310 343 1139 167 974 223 1014 1048 125 338 319 1216 207 49 1045 13 325 293 1174 250 867 752 1108 177 676 
080 : 525 305 540 26 1395 37 1253 570 353 84 310 1200 573 1299 123 1311 625 355 274 572 481 63 667 655 1185 308 323 1159 192 333 983 1241 334 1076 329 480 1002 324 133 569 25 623 645 666 303 689 646 124 571 1305 
081 : 353 305 525 333 655 983 1159 84 1185 303 123 260 540 623 1241 37 481 274 120 270 355 1366 572 670 295 645 21 1395 662 347 1002 1200 1213 981 398 553 666 1158 1394 344 784 378 689 480 509 142 571 667 873 240 
082 : 525 568 327 570 305 304 310 1200 308 309 180 25 26 573 2 663 323 1253 1076 1299 389 572 540 412 9 306 1311 260 386 98 307 63 537 393 133 1395 329 1276 1370 192 664 345 571 1214 332 1078 361 334 569 267 
083 : 526 440 683 638 392 797 222 655 1228 879 876 880 712 633 334 1169 685 924 327 1343 795 468 521 1300 708 38 1251 902 625 675 2 798 1338 1320 1341 792 801 39 451 313 796 214 200 368 748 439 197 121 141 503 
084 : 320 527 150 322 321 366 365 1235 1370 854 476 107 537 349 478 376 832 15 16 422 271 479 377 502 1240 648 111 1365 1302 356 452 94 375 553 61 585 374 333 1053 269 1259 131 1055 855 731 734 493 538 264 1301 
085 : 326 192 273 410 1259 801 494 123 528 802 1112 414 435 925 541 25 233 1301 992 1274 353 27 329 161 1319 336 1207 1191 922 576 1213 332 1352 838 124 421 248 493 550 468 1263 625 646 1310 1149 337 969 671 803 547 
086 : 326 528 494 1213 261 23 106 192 925 1281 1214 1112 273 1301 265 1259 94 142 25 105 1391 233 922 124 1310 306 1394 468 36 906 248 802 336 912 803 456 629 96 666 1334 329 1149 133 801 254 523 1048 260 997 75 
087 : 326 21 550 1215 306 629 528 96 254 265 22 925 291 260 906 1214 1191 1281 1334 534 645 36 1142 8 4 182 324 798 1332 251 1204 1211 142 176 125 1205 1076 170 997 671 329 655 672 23 610 337 124 242 1391 363 
093 : 208 437 1221 298 407 269 1253 61 1236 531 1273 112 267 297 408 607 268 33 653 490 402 228 1282 270 1181 967 1006 524 339 22 88 19 775 1189 1111 1139 1238 1255 447 1377 1222 450 332 370 500 1105 18 34 809 663 
094 : 123 84 525 305 1185 303 623 338 353 274 1159 365 1213 44 366 398 651 480 1307 355 666 784 21 645 554 354 1241 524 789 979 1300 436 120 983 1192 959 546 295 555 646 559 1107 142 344 269 553 387 481 1395 754 
095 : 376 460 3 17 4 1301 326 336 377 1185 241 1241 798 265 16 1214 254 322 1302 382 375 527 180 664 135 348 107 358 291 251 309 1192 71 1281 73 255 1394 925 461 754 145 343 305 352 1149 2 271 961 1236 629 
097 : 753 14 1331 783 634 441 798 1105 1339 1057 638 1078 461 1336 52 878 251 391 379 685 1275 202 1290 899 856 627 748 1285 1338 1272 749 811 25 1196 30 637 1209 675 444 1206 680 708 711 704 1008 492 380 686 712 232 
098 : 753 3 380 1181 444 1275 916 52 810 1085 1339 1084 1269 475 1272 1099 899 472 1078 1081 461 1338 117 379 351 1083 153 1273 1221 1141 1114 896 4 856 871 1023 167 363 152 267 704 1021 1369 1063 309 112 1270 60 1194 1330 
099 : 754 789 120 270 788 1159 387 786 269 509 785 776 873 539 1084 596 408 564 784 158 1307 1112 963 934 1348 787 812 260 61 599 1362 850 398 842 801 1359 88 524 1393 566 435 534 851 872 1283 116 974 268 166 1256 
100 : 382 842 789 855 1084 785 1154 1123 629 1055 149 1176 105 457 381 784 744 854 539 335 671 533 1359 839 801 1256 786 527 241 1384 523 932 116 475 564 1081 3 1038 646 1309 1182 1253 898 306 23 1054 383 1159 1171 1078 
101 : 320 322 527 321 107 350 1083 833 1235 730 11 150 72 585 1377 677 264 1240 551 476 34 607 537 422 1219 478 336 648 1138 424 641 369 300 349 410 1253 93 734 1137 736 1384 364 644 1370 472 389 425 451 404 1224 
102 : 539 854 566 564 333 435 1213 1176 789 120 467 352 144 1307 23 651 1192 267 1258 754 347 784 565 689 861 1146 1191 912 845 559 979 1208 98 1263 659 628 302 779 81 1395 1159 437 260 1104 646 145 570 944 1283 283 
103 : 785 381 105 483 788 382 659 789 787 1383 459 116 1045 452 689 148 1283 754 784 533 776 457 1176 150 1381 565 255 855 1084 1146 23 629 1182 261 428 1268 1046 485 803 478 912 973 1359 690 978 646 145 1370 1022 94 
104 : 1045 1118 839 435 900 1074 566 1381 605 1171 891 1077 1229 204 420 1135 1191 954 567 1336 287 1130 794 676 1106 291 1256 1046 678 1151 843 1338 757 1081 158 793 1121 932 879 57 1051 1337 971 783 979 812 635 428 205 629 
105 : 390 482 194 627 1107 175 533 410 1053 52 441 914 719 239 894 428 928 486 277 110 893 69 947 70 512 224 1204 730 1225 1179 213 1252 815 1033 1008 217 829 593 569 1000 1305 1274 238 1319 311 1335 1006 1051 411 147 
106 : 3 388 393 180 664 4 1355 1311 569 1237 1106 389 525 1276 406 629 663 305 22 382 310 306 1200 655 133 21 1107 145 2 1386 326 970 308 165 1225 1370 348 327 304 1371 74 1227 155 400 134 62 96 636 694 309 
107 : 128 629 191 305 366 1206 1251 389 664 329 306 1182 1370 458 310 144 375 418 2 4 1081 365 393 1083 1086 149 98 460 116 63 324 299 97 1250 1261 1265 180 1198 1085 398 537 1253 1072 832 576 73 445 1039 475 198 
108 : 3 393 180 4 664 629 306 389 388 382 21 1107 2 412 1106 72 116 977 1397 155 784 22 944 324 327 309 9 23 61 1282 121 400 785 1237 568 126 419 381 308 1400 50 207 1220 570 826 538 386 345 569 861 
109 : 628 339 343 689 254 535 338 337 480 1205 560 662 1266 773 364 1240 1200 365 565 433 272 481 48 344 1158 194 635 1100 543 125 1263 661 1072 438 1195 1183 25 310 690 1002 609 878 552 865 1155 195 352 60 1248 1104 
110 : 264 111 393 128 664 322 394 540 527 559 292 460 381 131 1383 648 458 1043 180 365 1375 327 4 1200 750 105 104 299 366 1109 310 1193 1138 323 3 671 1210 1182 306 300 1297 1053 785 383 457 661 565 477 307 855 
111 : 180 320 540 327 1236 349 300 1311 104 502 4 435 365 3 359 1260 393 111 397 457 1186 62 479 494 304 394 325 570 939 475 573 527 1054 376 1375 28 255 591 843 460 940 611 526 663 333 1253 478 664 1383 1382 
112 : 26 1299 540 525 305 573 63 570 1395 1253 323 310 1200 308 1076 572 494 192 537 304 25 124 670 568 327 329 307 663 625 409 666 256 334 455 68 1311 1209 333 345 1158 134 19 569 536 170 688 544 496 667 371 
113 : 63 1395 630 1313 570 992 1078 537 663 139 238 1191 189 941 1229 567 315 1082 666 1188 309 53 519 573 79 1195 1264 668 310 799 670 25 504 371 1394 416 182 710 1256 1214 540 1080 713 667 122 225 413 816 223 1218 
114 : 332 541 573 401 625 1296 577 1010 359 488 517 1247 1305 552 572 160 1295 860 166 410 574 1073 925 259 1201 24 167 456 575 1112 556 1061 101 1374 494 103 521 665 688 217 1288 969 1197 1252 1241 56 304 27 1017 486 
116 : 26 625 1153 68 1142 372 1161 1143 516 997 576 1099 1155 1003 608 573 430 167 809 141 1295 364 1303 283 272 280 514 656 431 493 695 184 603 876 188 185 1204 755 569 2 56 317 1305 594 1158 10 571 179 1351 575 
118 : 1395 324 55 630 645 303 1099 54 959 584 50 1393 1161 565 559 983 82 306 323 81 629 437 396 73 1159 328 872 1372 524 438 91 84 353 1386 1258 398 387 366 325 1215 670 329 585 1236 773 668 352 1061 339 1226 
119 : 630 666 389 474 1394 328 1007 1367 565 962 55 667 537 50 307 1374 115 460 1395 43 670 81 560 1076 9 171 1205 54 1159 255 1157 475 170 1198 570 1274 1381 1154 73 803 272 1319 535 238 53 1191 1158 1226 1264 351 
120 : 1395 1264 667 329 347 668 630 1228 345 343 537 1394 460 504 572 272 170 1191 315 254 139 187 291 335 1391 134 1302 358 1205 670 223 175 1299 1263 526 1211 1187 1257 182 487 79 1076 714 1364 710 959 689 309 666 1372 
121 : 543 589 590 578 588 237 592 426 216 138 1126 576 214 935 591 772 822 1102 215 1368 739 769 985 764 18 1043 928 418 213 1354 990 1318 850 581 1171 757 1059 382 1355 523 1372 1146 932 1093 938 1239 986 311 741 330 
122 : 544 748 755 597 1066 199 203 708 567 814 714 1074 372 1335 670 516 287 813 1229 251 294 1272 1314 360 572 746 781 790 1115 1076 688 347 1146 800 19 564 56 52 806 84 430 566 556 809 812 441 1104 63 36 1007 
123 : 544 251 301 1335 878 546 813 441 790 1113 597 748 755 1066 1019 622 814 203 595 792 1336 287 917 781 599 168 1378 127 704 879 727 1290 1022 1342 875 906 536 36 158 733 654 982 202 640 1020 199 120 999 809 1079 
126 : 631 714 672 755 799 594 904 256 795 203 598 1142 544 430 1153 516 1287 372 1354 312 609 876 809 140 431 1155 429 634 280 603 1353 602 604 1336 141 608 1163 752 1286 1154 1290 314 78 1305 535 652 772 230 221 196 
128 : 678 676 1334 632 1339 674 250 465 1332 247 783 1229 203 1343 206 1306 781 1289 1074 698 1246 204 924 638 811 637 1337 704 683 1266 918 712 920 677 803 671 793 420 699 1075 288 246 1 503 779 794 792 797 226 752 
130 : 1275 898 1196 680 753 224 428 633 1141 19 512 282 1070 514 1230 1060 1058 935 122 938 233 347 52 380 601 385 124 236 97 370 855 931 18 1059 951 371 936 232 942 909 1029 657 1270 1021 930 191 513 24 683 700 
131 : 294 522 21 378 555 398 17 546 554 142 337 1281 376 861 1104 19 872 101 873 72 36 295 959 539 981 1192 538 651 1185 606 122 661 135 283 120 1241 662 435 553 559 354 1324 98 261 575 145 564 254 789 1393 
132 : 710 1287 418 184 84 314 1155 795 80 526 315 182 280 1350 7 9 199 610 800 272 1211 293 207 516 933 719 377 125 714 553 89 431 558 1154 337 1153 1163 536 294 1325 123 959 755 876 594 809 1170 625 311 522 
133 : 755 594 790 431 544 1290 188 179 1066 516 280 1155 1074 1305 634 879 60 714 600 598 256 795 214 719 597 99 876 372 809 455 78 1269 1158 430 443 602 141 251 800 1163 1153 1113 42 969 1001 808 227 1151 197 545 
135 : 26 1228 797 134 1309 334 655 572 803 547 610 310 327 191 2 308 526 1267 1157 1311 318 788 301 1107 439 304 707 625 1198 664 25 187 133 465 667 440 326 570 1317 193 105 1300 1229 1236 8 1310 123 1295 1251 569 
136 : 617 613 616 622 548 615 621 614 619 618 1150 958 510 162 163 620 436 719 1324 1161 275 1348 1244 143 691 1166 1391 969 554 448 164 983 1011 1345 1103 992 1000 218 1291 624 449 1344 1255 85 718 302 211 882 874 1219 
137 : 879 757 632 1338 793 250 52 924 801 797 916 795 464 465 1341 420 902 919 637 917 803 313 752 699 1290 612 749 674 222 638 200 796 226 780 921 252 1186 918 779 901 681 683 682 711 205 672 679 1337 440 503 
138 : 265 1187 358 291 1228 71 1257 655 311 892 293 1216 504 334 1364 1106 63 439 663 793 461 457 294 416 1281 415 406 1276 630 124 569 798 1093 335 411 256 111 568 394 757 1264 527 1311 484 1395 1367 890 487 316 794 
139 : 795 252 431 924 879 316 799 1153 672 925 800 516 1341 526 520 315 610 1154 1338 923 1093 876 468 440 197 503 141 1062 38 880 780 885 1362 1243 801 60 1350 496 233 1169 313 1075 214 991 1074 179 124 312 927 469 
140 : 810 758 807 806 804 1093 683 809 1219 1331 1247 1071 1147 357 1252 731 741 870 164 575 808 1002 178 811 711 1217 515 783 209 221 805 141 1135 643 834 880 726 1293 790 77 1201 753 915 1243 1124 414 627 355 1380 317 
141 : 635 691 68 1143 1336 1315 421 1159 1335 355 1157 1374 1353 686 1290 645 1161 628 1230 302 615 1009 461 413 804 502 776 552 622 1098 1254 1226 360 93 617 232 283 572 1355 1100 193 405 1096 340 616 602 695 483 548 997 
142 : 1393 283 983 559 438 1161 524 1394 84 1104 142 1099 101 366 555 501 1213 1348 670 365 294 24 662 1002 295 635 553 323 36 564 369 537 1040 1159 668 303 123 522 689 354 1253 35 1395 571 329 1307 398 387 437 1258 
143 : 635 662 690 1395 689 1191 628 1002 101 1158 564 1104 1106 1393 546 1204 535 497 954 295 283 1213 123 370 398 1099 1161 524 566 260 240 142 789 554 959 29 861 21 1263 556 1258 55 872 272 294 1192 144 655 436 1200 
145 : 637 698 699 803 465 705 779 1339 288 247 1332 700 920 1334 1289 680 632 250 674 243 712 1333 1272 791 704 921 683 1243 669 1246 701 1280 678 601 200 903 924 1259 1305 1 638 682 901 74 711 147 279 204 226 530 
146 : 1331 882 1289 779 1270 783 953 906 701 251 790 728 781 884 702 1214 948 265 440 187 810 273 1391 78 495 654 860 14 1334 807 421 286 824 508 76 1332 556 698 1006 1290 114 1260 725 1327 1105 902 96 557 1329 1380 
147 : 638 673 1343 1091 1095 1211 685 222 631 1356 182 747 792 433 200 1328 1393 880 634 521 1169 1064 1332 969 1285 1334 465 368 311 1089 1163 1373 712 704 748 1246 189 125 1162 1385 797 683 711 790 924 9 757 772 288 1380 
148 : 639 715 719 716 67 1348 717 983 944 164 982 153 69 163 1379 1345 958 499 77 1344 553 32 1141 1203 1313 1274 83 619 82 1319 740 274 1346 110 368 1330 617 1000 1393 112 1028 979 216 1114 1293 183 207 506 436 1106 
149 : 1126 1122 1171 760 822 1067 741 743 1118 885 1069 1172 739 740 1051 1013 897 1131 1123 1070 953 887 769 928 1068 763 1117 1017 956 951 1119 932 886 824 642 1052 930 934 853 849 1145 938 1071 1133 1050 935 1173 823 1033 843 
150 : 819 817 760 823 818 820 1119 825 1014 837 532 1023 195 826 840 1122 1025 1015 1121 1031 740 1030 867 1067 767 1361 599 462 1132 13 1120 390 1048 1013 451 1068 1026 953 445 10 835 743 284 397 854 1059 824 1071 836 720 
152 : 910 1007 1289 729 1290 516 720 1331 998 1001 713 1092 860 287 446 834 728 27 100 286 67 827 231 1268 1363 783 1065 204 1339 289 853 766 711 1006 313 588 1294 862 594 143 835 60 1342 395 909 858 675 880 712 1039 
153 : 761 1050 1214 906 1126 1049 251 1048 1127 951 956 1027 265 483 1174 1211 720 1359 669 411 1069 182 826 770 35 1128 1038 1146 1369 824 1119 1034 317 533 96 771 1026 1253 161 1196 1023 440 882 1205 122 441 558 1051 925 1052 
154 : 762 840 910 462 1177 1024 744 1023 837 835 824 1055 863 821 866 957 644 833 51 819 836 1117 760 825 29 1019 913 897 1098 1057 1029 818 1363 1054 743 739 826 1015 1178 817 938 1136 1316 241 1330 1031 1043 1059 1034 734 
155 : 848 764 847 953 846 763 1067 1126 743 1037 1029 739 839 1071 897 887 1036 841 844 886 769 1171 1051 955 1172 951 1039 890 1034 885 853 1042 935 1026 854 1013 1129 1070 1038 1123 765 1068 741 1118 407 821 740 1018 47 1030 
156 : 847 953 848 1036 764 844 1042 1038 728 846 935 42 1037 1118 739 1126 1070 1043 887 552 1171 1039 743 594 955 886 908 723 954 931 1040 910 849 911 845 52 878 322 1052 544 1066 719 890 740 930 1158 1392 898 1161 1071 
157 : 640 909 725 883 720 12 220 29 870 836 724 1039 729 898 911 1051 497 802 1360 658 834 184 202 345 137 882 1035 415 1192 102 722 100 581 1146 1012 906 253 884 997 221 1363 762 1124 839 195 1362 47 878 609 833 
158 : 75 884 724 726 720 909 727 640 723 768 721 881 837 92 100 1208 722 1276 951 883 13 834 860 865 882 866 1244 1041 1045 47 743 658 1012 862 151 224 835 867 1117 767 580 31 536 729 1294 1024 1032 654 742 725 
160 : 1008 31 5 711 391 859 51 886 627 877 864 982 390 658 66 509 715 726 729 29 709 285 1305 728 894 978 948 434 486 857 606 856 720 858 707 1178 1379 1361 911 860 635 95 158 717 1104 766 981 899 1348 1127 
161 : 862 642 15 1387 1131 769 915 1013 1396 1173 412 1071 1117 935 856 1172 31 1020 889 400 761 760 1398 957 932 1032 1026 857 1035 843 1053 885 424 1017 888 1060 890 1120 897 827 1126 1399 1037 894 570 275 1320 408 763 830 
163 : 894 1008 390 1131 864 857 856 392 285 1400 686 627 1111 858 948 391 728 766 1392 859 15 822 914 658 593 1026 736 749 889 890 1058 899 634 874 880 1172 202 843 1272 1387 425 735 442 1042 31 1031 1060 928 739 1133 
164 : 641 730 422 736 648 1045 854 840 733 647 700 551 320 734 284 936 735 424 1138 527 955 831 855 342 389 732 644 731 264 1119 1013 336 15 1029 4 627 425 1175 1398 570 607 1137 1054 392 892 1396 2 1233 1235 1311 
165 : 748 708 704 265 780 815 360 638 52 709 1272 1162 716 812 467 197 801 685 790 1163 391 204 440 33 1237 1290 1340 567 1349 14 312 746 1338 205 702 753 1336 856 687 1153 347 947 876 439 755 902 794 70 202 593 
167 : 895 1266 712 676 780 1290 632 685 918 465 1289 1333 1188 609 757 783 1133 503 634 1362 597 1246 917 675 1360 709 624 919 1293 315 796 1316 794 674 551 395 704 861 1392 229 775 916 459 433 460 990 1207 803 924 56 
168 : 184 875 540 13 243 390 782 320 442 260 422 246 892 1274 1400 486 855 1319 1083 746 864 1068 139 84 662 56 135 1317 527 1309 79 549 365 1145 372 14 577 1008 1367 700 1013 1098 1227 1 1146 1213 780 371 81 887 
169 : 1038 384 1106 48 605 522 932 759 272 1285 1378 411 186 1218 505 1307 1306 225 657 801 1308 423 937 58 1351 954 1303 1041 354 56 123 1074 359 936 1117 1062 1192 1202 19 1300 999 1262 957 1206 1343 428 1066 1110 626 1284 
170 : 1304 122 1001 197 999 440 360 1285 196 925 229 1162 234 1328 434 230 290 947 203 384 1095 64 927 1115 673 688 1208 679 1163 204 907 1186 812 605 1218 814 225 816 1350 205 1262 511 973 87 492 600 252 601 1243 222 
171 : 246 229 923 520 803 1243 924 545 1305 431 809 1124 230 599 360 1062 1239 235 811 1214 204 1074 815 816 225 1352 1075 600 1259 1380 384 672 279 1188 1381 290 210 252 1328 233 203 141 234 632 671 638 1 146 801 922 
173 : 1024 926 744 1033 533 1055 1361 928 1132 1362 833 863 765 897 930 1034 956 739 763 1058 1051 823 838 1091 931 821 1048 1056 827 647 852 1131 1053 1126 1118 822 830 1331 520 1363 953 938 1133 1069 894 47 425 831 1035 1015 
175 : 769 887 890 885 741 1145 1146 897 886 1070 891 642 1068 1122 937 764 926 31 740 889 1116 847 1117 852 935 760 739 765 831 953 846 1126 888 843 1123 1172 854 1177 1051 400 1174 932 841 833 1173 742 763 928 1038 1171 
176 : 1146 769 31 890 888 1026 887 886 1117 885 935 1030 741 1173 1122 743 1126 897 1023 932 1056 1178 642 833 1052 1024 891 837 1021 742 1127 400 1358 1050 1176 915 951 1400 1120 761 1357 1027 936 1121 1013 1387 580 1017 763 1070 
177 : 898 931 1070 935 938 930 841 743 1130 957 934 78 1001 1117 1071 1171 371 1058 951 668 1059 1288 739 1068 1172 1145 843 1132 937 514 1285 1129 929 19 442 1118 1067 953 887 347 469 1119 829 936 889 1337 915 853 955 1287 
181 : 941 775 387 1221 112 389 394 376 206 537 351 147 967 227 34 701 1083 1078 530 1222 491 361 270 504 383 305 460 901 309 131 81 345 1360 1375 417 984 128 917 879 240 669 1080 28 152 326 798 298 145 135 980 
182 : 941 898 516 514 931 371 1070 442 1288 938 78 389 469 1287 1084 1001 1231 183 957 801 535 935 372 1230 656 933 1274 668 206 504 25 930 1150 1395 901 112 139 918 230 600 347 466 1222 625 808 387 1303 9 1306 326 
183 : 176 997 993 970 1093 1350 1074 696 409 245 243 610 925 131 1075 1062 1195 1349 1227 697 971 1243 923 121 695 1292 1352 924 791 188 519 772 179 173 1151 1265 137 969 694 973 1096 103 174 994 1153 520 991 350 672 795 
184 : 1326 1288 974 1095 773 1265 397 1169 1237 1163 387 368 254 374 1283 61 1083 1328 367 994 1329 337 308 340 451 490 398 507 228 1094 338 355 579 1200 1113 1223 628 748 1109 125 969 697 18 265 1060 991 1340 942 389 310 
187 : 5 6 582 869 981 944 587 1073 158 585 399 91 570 485 1207 586 12 606 670 559 687 666 28 267 518 1024 395 260 546 1161 1258 639 45 1375 1393 524 350 873 1192 1346 383 963 75 861 695 980 120 1148 1236 98 
189 : 945 745 1063 92 1087 1388 762 1246 648 1043 429 988 1219 328 506 1286 248 987 606 12 111 1217 1294 834 989 704 195 1124 986 637 321 529 869 836 493 453 592 746 425 435 876 1061 1170 519 415 712 543 374 266 747 
190 : 945 988 989 507 180 987 278 143 3 741 298 367 4 404 637 376 382 941 527 73 1182 985 680 314 300 1279 872 1310 375 1123 535 341 613 990 377 1301 86 427 940 828 135 701 323 842 368 849 1036 258 1245 111 
196 : 948 859 1008 5 391 729 864 766 858 627 711 894 390 856 285 66 31 982 658 727 434 728 90 857 899 1162 51 75 634 606 886 749 251 877 29 753 15 419 486 709 1339 1164 546 725 1379 746 500 481 509 914 
200 : 1021 950 1023 1022 1025 1017 1026 1012 1018 1034 1019 1020 1016 1015 1317 952 1024 1013 1028 1032 1029 330 912 866 1014 169 1335 955 837 518 951 30 1125 1030 399 158 928 1141 168 517 1378 805 1066 1148 899 287 1027 544 1172 485 
201 : 1021 1026 1023 1017 1029 950 1052 1013 1030 1018 1020 951 1146 1027 1025 952 1022 761 871 1028 1012 1014 1024 1031 833 1019 743 1035 400 1050 760 1015 1034 1400 1121 830 767 642 957 1359 1214 838 550 1122 827 866 820 823 1396 891 
202 : 1026 1023 1029 951 1021 950 1013 1017 1030 1018 1028 1020 1027 1025 1019 1022 1052 1146 871 1012 1014 1024 1031 833 1214 866 952 1035 760 743 1015 1034 761 820 1016 935 932 957 830 550 1269 767 823 1122 863 549 1314 827 256 31 
203 : 866 951 1012 1023 1026 1017 1021 1028 1013 1020 1014 1029 743 1035 517 1015 1024 1031 195 1052 313 1018 1030 964 1120 871 31 883 1027 739 1178 835 1022 725 566 909 950 827 1025 886 1214 837 726 640 173 833 1146 96 936 931 
204 : 1026 1023 1029 1017 1021 951 950 1020 1030 1013 1018 1014 1012 1019 1022 1025 1028 1024 1027 1016 1031 1015 1120 1146 871 1034 1035 1052 820 1067 866 821 935 833 932 1214 739 823 952 760 928 1176 767 1122 863 743 825 822 848 400 
205 : 1021 1026 951 1023 1031 1033 239 1029 139 1013 891 1017 1020 1125 1030 140 871 761 1034 10 831 1028 1027 1014 957 1022 1052 1018 550 829 1070 1012 1067 950 1024 1025 915 1133 175 1131 1173 830 1117 833 1146 1139 952 1227 318 956 
206 : 952 1023 1026 1021 1034 1017 1013 1025 1022 1024 950 1029 955 871 853 1052 1012 1014 837 866 951 1030 1020 862 1015 1018 1028 1035 1326 953 847 1171 1172 1214 870 767 743 897 1027 1038 848 1016 854 1363 1032 1068 1125 740 850 826 
208 : 953 847 841 897 764 848 887 846 769 844 1172 1171 1038 763 854 1123 1068 1173 740 885 765 850 851 760 742 890 910 853 1066 1036 1042 926 852 955 826 935 1129 741 930 1034 1118 1070 1037 839 728 1039 1051 928 843 1122 
209 : 847 897 953 1038 764 848 846 763 853 1171 841 844 955 826 887 1172 1068 760 743 926 1066 769 1034 850 1129 1122 1070 910 1132 1173 740 1123 854 1118 765 1039 1051 956 1126 728 934 1067 742 1145 952 1036 852 819 1042 1119 
210 : 954 1038 890 1045 887 31 769 1046 839 909 581 870 497 726 95 834 720 725 837 66 922 374 840 329 195 13 848 915 30 1012 838 762 1041 1015 955 1202 729 836 51 256 75 580 862 1362 835 657 722 100 29 817 
211 : 1043 1058 1059 1038 851 736 735 424 957 930 852 1135 843 890 887 830 836 889 897 953 831 938 1053 1129 828 840 1137 1387 886 1123 740 258 885 1173 1015 1044 850 1214 742 741 837 841 1174 1392 412 765 1145 12 1041 760 
212 : 954 887 769 741 1136 890 1042 1135 1125 1134 827 1071 1175 953 885 1038 841 897 1201 922 854 765 535 1009 1123 763 1068 870 852 1173 935 301 851 374 740 1172 1171 839 843 531 889 1093 1301 156 508 1067 1133 760 665 1219 
213 : 930 1042 954 1043 953 1051 839 955 763 1174 1044 1052 1171 743 826 1123 1129 1294 885 890 741 1070 841 887 1137 765 828 843 1041 851 1068 195 1071 1135 1145 889 581 498 935 412 854 1360 852 1038 897 769 1059 736 279 421 
214 : 955 1045 839 763 1363 840 854 954 1340 1126 1046 846 740 1022 838 1051 856 842 855 1176 847 891 1039 1357 544 937 746 642 261 1042 629 272 1400 42 743 1178 1258 1130 876 1134 1171 800 844 428 565 848 646 337 690 1142 
215 : 1045 1051 838 1046 763 1118 1126 839 955 641 520 827 823 866 915 928 829 1359 1171 1048 1130 1123 1310 851 863 441 1081 1176 848 932 635 956 744 765 647 435 1396 821 1121 1119 1044 261 251 884 1122 1104 1022 1196 295 1177 
216 : 1045 955 840 854 641 1175 730 839 763 1134 1137 1130 932 223 1176 1034 954 1052 1146 1359 740 1022 1051 1046 838 1363 888 926 1120 1081 1307 1177 482 741 1121 743 742 733 928 635 891 1301 894 686 234 566 801 883 1395 849 
217 : 1050 956 1049 1358 1171 1069 1357 843 850 1128 1126 1145 761 888 392 1127 889 647 852 1387 1392 1119 1396 1060 885 1034 1397 1398 1399 1400 1172 863 935 1048 422 826 391 1067 390 894 1137 931 844 356 1051 845 191 382 720 733 
218 : 1048 956 1126 1050 761 1051 823 822 1118 1044 951 1069 827 1015 928 1049 926 1127 740 888 852 720 744 829 826 1178 838 915 642 739 932 763 839 891 765 1396 1177 1022 533 1045 1122 1359 1174 1021 769 825 851 894 1116 1119 
219 : 930 1058 931 926 1070 1059 1051 898 1363 935 957 1053 937 1360 769 1361 951 802 852 938 737 1044 1138 741 889 1135 1091 633 1024 826 1118 1131 851 19 742 843 1048 423 928 934 915 92 1041 739 1068 1000 833 822 743 1056 
223 : 1062 1074 1075 923 791 1243 970 696 799 1202 223 814 1272 672 924 1108 431 124 232 991 663 252 231 188 225 230 1259 993 179 60 1339 803 384 360 1239 969 695 708 896 201 927 1341 234 1115 229 430 52 273 809 1328 
224 : 1062 676 678 289 492 1075 1306 465 409 250 307 781 557 1246 1006 203 748 1290 652 919 52 752 142 1234 1074 1188 222 1266 432 503 1362 924 1339 147 1332 1331 671 783 605 1229 470 63 240 1021 525 464 1099 1355 677 1334 
225 : 671 547 652 250 1076 1188 1225 1362 324 678 326 672 696 1062 1355 3 74 406 23 465 346 333 339 133 899 1339 676 924 1064 683 783 189 1331 972 1311 334 291 664 970 798 632 1106 340 336 1075 147 80 1386 316 1074 
226 : 1063 1085 393 1081 1082 394 323 1078 117 1235 149 666 1394 1088 171 128 300 329 1391 1053 584 551 943 349 1317 1086 111 281 59 1389 422 703 1369 1146 299 454 1079 863 670 1054 367 644 771 956 1036 266 228 1233 785 830 
227 : 1088 1063 1086 111 1054 1055 785 1087 479 1389 1262 1362 367 832 916 451 1382 551 584 32 349 1053 943 266 833 1390 351 863 659 987 656 1210 585 1375 159 703 1061 59 422 575 692 684 454 777 1317 931 150 719 730 1019 
230 : 1101 1065 1099 1096 806 553 804 805 1090 968 900 76 1318 1007 1100 516 1097 705 1011 1279 82 1028 141 1004 781 480 431 1241 1163 1098 905 1008 1162 679 809 505 749 587 755 1226 293 1006 602 1161 594 610 274 595 57 1010 
231 : 1096 1099 1065 553 1097 1100 1098 761 1279 818 866 1015 82 1340 403 463 1025 509 1117 462 534 817 274 119 840 1302 829 1042 592 906 1027 1043 1127 1024 1071 204 542 981 707 890 1019 952 870 1101 766 1392 836 1160 982 762 
232 : 1006 318 160 1377 556 1105 25 1179 626 372 161 473 370 498 56 994 1253 456 1393 1356 1281 1224 493 332 1151 1391 946 557 295 947 1075 465 85 531 541 273 469 993 438 369 423 1262 976 1274 523 1002 575 93 294 122 
233 : 302 405 691 1011 949 552 1269 1010 378 1335 524 1298 421 1009 609 328 1199 982 283 348 1230 876 1015 69 1185 259 622 1161 30 586 463 185 481 195 583 169 1043 1157 616 82 262 1003 108 630 34 1263 110 502 462 1098 
234 : 1066 1197 1259 1112 1115 1339 716 801 969 849 1293 958 802 273 67 544 1035 919 895 432 326 723 52 708 846 922 902 233 625 643 728 1005 1379 899 916 1289 1305 719 718 248 925 1322 100 815 1321 468 494 225 983 192 
241 : 1071 885 887 769 1134 890 741 1173 841 953 740 1172 763 897 1038 935 1126 1123 888 1037 1068 765 926 1042 889 830 1012 843 839 1146 1174 1051 1131 1039 743 31 1118 826 739 853 1052 930 760 1070 1053 1044 852 1171 954 822 
245 : 1386 54 55 1192 376 1185 539 145 461 460 527 1182 50 1366 546 784 307 399 364 72 1301 1281 240 366 62 314 324 435 348 959 352 365 241 326 775 662 1375 135 306 1385 111 336 1222 962 525 1250 1371 789 49 21 
246 : 55 460 489 559 1386 145 461 54 306 376 366 292 111 348 565 1182 326 320 62 16 135 477 1366 1383 365 457 81 1185 23 364 98 21 562 1192 1109 71 352 1236 94 50 1394 1281 323 661 784 1241 662 350 4 1385 
247 : 492 232 56 57 973 373 1231 434 27 124 37 688 1311 1307 708 354 48 1285 234 248 1186 469 25 1262 573 626 540 1381 1304 655 122 233 1077 20 1229 359 494 443 1218 567 327 1310 69 525 1040 508 988 999 1192 305 
250 : 265 311 503 358 415 316 1187 291 71 1257 439 1228 504 416 1216 655 460 1364 1287 793 461 457 1276 1383 1385 569 798 335 334 256 111 1239 757 1311 1367 105 155 1220 1106 1264 794 72 1386 55 526 112 663 276 388 196 
251 : 504 71 1276 72 335 209 978 491 265 376 663 64 569 326 383 775 1375 241 306 417 1269 1109 410 1302 961 308 563 943 671 460 112 1268 1241 474 1220 54 414 309 142 381 256 334 1076 336 1225 521 1257 305 1154 992 
252 : 504 71 1276 663 209 1302 55 72 265 256 376 326 334 569 207 142 36 460 1237 17 377 305 1322 496 345 309 655 271 335 54 286 383 1220 336 421 1257 1349 1386 16 477 1364 64 1228 22 1311 291 418 484 112 1109 
253 : 553 1279 274 1065 1098 981 1043 1100 761 82 1185 1003 307 1009 1158 525 540 592 1157 557 1299 353 305 364 665 556 980 645 603 536 327 480 319 1241 84 1147 401 77 481 762 1230 1010 365 1007 877 606 1318 1011 509 408 
254 : 750 965 118 591 217 341 157 774 127 301 1187 136 221 656 1009 696 970 1230 1354 1353 575 941 511 172 1010 942 166 430 604 379 1326 213 404 1297 1148 693 949 561 410 974 173 997 527 131 694 692 529 276 1296 412 
255 : 750 965 118 217 157 136 591 774 341 127 301 213 696 1187 221 1326 656 166 472 1009 172 694 693 970 1230 430 219 1010 131 575 604 1353 1354 949 276 511 721 692 1274 942 997 1157 1319 173 941 4 1297 529 985 974 
257 : 238 893 139 904 239 223 1082 905 175 906 140 1205 1264 213 272 165 189 1004 1195 10 710 1191 1107 9 177 48 1156 1033 519 713 815 1257 731 1381 996 745 534 11 670 1319 1351 1040 1292 1313 430 949 946 566 1025 550 
259 : 516 431 141 252 904 594 1155 812 188 608 714 631 179 1153 602 1066 598 1004 791 1395 800 1011 755 795 76 672 668 1065 809 799 335 970 1163 1008 808 1000 994 171 311 1074 605 125 505 657 713 238 513 1006 636 1101 
261 : 320 527 322 321 107 478 476 1235 1370 551 424 736 422 150 1251 366 479 365 934 1083 452 537 23 425 72 731 981 734 394 323 855 264 266 1253 417 375 155 4 732 585 542 157 559 6 540 336 644 1210 458 1233 
264 : 532 451 367 1067 931 767 777 703 916 1054 934 1086 956 785 1073 759 351 731 1320 290 356 376 1047 470 91 1392 90 1088 630 1129 155 1270 1240 113 385 251 1087 1117 538 111 300 357 117 1163 17 977 841 1119 1043 50 
265 : 483 501 533 35 523 1157 1319 1390 1151 1274 1264 411 1257 369 1140 1204 1156 37 1216 679 1198 524 684 929 329 983 178 182 1189 1327 654 1007 186 1284 25 552 58 291 1314 805 230 462 656 609 175 8 1231 706 72 811 
266 : 941 1221 254 139 238 1080 670 34 351 491 361 668 1082 1222 417 1256 270 1394 666 710 949 1191 537 387 53 550 112 630 1322 1007 1264 79 182 206 9 430 415 755 1395 147 400 966 199 371 690 315 43 607 713 1367 
267 : 963 542 1073 586 5 981 944 1375 399 30 587 978 1207 159 181 485 570 509 667 869 581 639 585 1221 119 535 872 582 160 1183 670 584 396 387 153 767 666 1185 941 28 260 164 95 379 668 546 784 463 1058 707 
268 : 543 590 592 138 589 588 426 216 214 237 578 576 591 772 642 1069 1102 213 215 1034 1371 769 985 1089 18 1117 1207 895 902 418 760 1122 1354 990 581 381 723 1171 862 1111 845 382 1177 722 675 1146 932 1093 911 938 
269 : 543 31 590 592 772 387 511 984 214 426 1171 591 237 589 216 138 221 985 588 1275 236 1368 990 693 1183 1153 1155 932 578 940 957 822 1209 769 1085 523 968 1116 1293 18 827 888 692 1316 819 835 1304 1323 1151 967 
272 : 633 680 224 428 918 682 930 194 247 232 1080 753 512 250 854 379 227 231 514 802 122 278 1343 200 147 951 562 1267 1271 1266 97 470 458 1196 52 849 1075 248 433 1388 271 987 257 920 1261 468 706 683 259 294 
273 : 617 548 616 622 1324 1391 719 969 613 621 1150 1103 1348 218 1166 85 620 554 882 275 1232 614 7 314 1040 799 1163 880 807 691 810 436 401 960 1147 555 1102 1000 109 619 67 716 874 806 1077 86 1244 1345 639 1351 
274 : 997 993 176 243 970 409 1074 1243 1093 1350 610 696 1075 1062 925 725 131 121 1349 697 971 695 1292 1151 1352 1306 245 791 519 1374 1265 233 969 221 126 1195 973 427 1096 174 994 991 350 672 795 1223 1367 177 1232 924 
275 : 634 685 686 593 712 1300 655 1338 211 1290 39 856 675 526 544 201 1228 753 880 1339 1188 70 857 503 440 1210 572 701 444 632 285 204 597 52 421 1341 484 1248 312 511 1008 757 442 193 766 687 380 1229 674 749 
277 : 809 758 1243 811 806 808 1226 804 807 883 39 1177 88 993 268 805 253 1247 71 409 783 997 810 1045 583 1142 1350 1203 555 1277 942 642 1092 439 683 590 523 1034 227 199 157 1342 1311 1128 823 1352 1124 774 340 238 
283 : 207 515 715 716 67 281 717 813 162 790 658 509 895 164 1000 917 1329 202 764 1322 1348 1333 698 1113 1346 153 361 82 944 1345 200 1047 1046 163 982 554 245 740 1313 441 353 138 639 703 618 713 1259 1110 919 848 
284 : 856 864 1008 857 285 858 390 948 766 391 859 627 911 658 878 15 728 894 899 1290 914 711 31 1111 729 1337 686 753 1338 879 75 727 781 1341 634 1127 1392 202 442 880 444 52 726 747 749 643 685 1269 362 1339 
285 : 1243 1074 1062 230 803 923 229 1075 252 1111 924 993 1239 672 431 60 520 795 233 17 188 809 433 610 179 1350 791 1153 531 921 266 1221 160 360 370 456 1092 420 753 901 971 437 535 696 970 1006 1169 1247 808 316 
288 : 763 847 897 1126 764 1172 839 887 1171 838 743 769 955 841 953 848 1173 1070 936 1123 1176 846 1068 1071 886 1067 852 1051 742 926 885 831 850 1129 853 741 935 740 854 1118 1130 890 765 827 830 826 891 760 1117 934 
291 : 725 722 640 908 720 102 909 220 729 29 137 1146 1279 997 911 78 764 1046 1160 581 1331 497 202 724 781 113 184 1360 834 728 1195 195 1298 805 898 100 1039 345 1016 339 1316 826 658 743 138 30 47 95 951 114 
292 : 767 883 909 640 768 865 726 498 732 884 1334 868 870 75 602 1360 215 727 762 399 1332 543 833 246 724 1362 581 1177 426 907 720 437 1242 135 881 92 1180 1279 1188 592 302 1057 867 948 31 12 81 95 987 29 
293 : 390 627 769 15 856 1111 728 52 911 1069 1008 391 766 1339 723 685 895 14 948 634 864 518 725 285 1322 862 915 122 846 1066 1122 760 67 720 857 858 1177 722 820 844 1034 425 1183 859 847 642 1207 704 1325 1347 
294 : 285 864 766 31 1008 15 75 894 728 541 827 899 658 948 391 627 911 856 914 857 858 1242 390 1392 319 1042 236 859 720 724 727 209 52 1387 593 73 432 1111 589 1339 1208 1276 1249 331 686 722 380 470 878 719 
295 : 735 641 733 734 925 647 875 850 1084 1170 730 1175 1178 1399 648 1398 888 1173 1058 1234 386 736 159 1059 1014 934 896 745 515 1363 1184 1379 419 743 128 821 1015 828 777 1057 207 392 1056 186 897 1117 739 740 844 42 
296 : 735 730 733 736 422 734 641 648 400 424 647 145 425 15 1392 861 281 13 551 1053 1060 644 886 1387 1129 1054 266 392 1108 756 1389 833 454 1088 1029 863 299 1396 980 627 703 72 93 458 1370 856 1240 410 390 987 
297 : 642 932 744 957 888 1359 1178 1176 1131 1173 1177 1126 956 740 1117 831 741 1293 1069 938 1022 1145 735 739 760 1050 863 1123 1172 1116 1171 885 1017 1122 1038 769 1067 823 934 850 1130 897 743 1046 839 1119 1012 1016 533 822 
298 : 642 744 932 831 1055 739 1131 1067 863 1054 627 451 1126 457 1293 888 1172 785 1116 1171 938 777 741 1359 839 1177 1173 956 1362 1178 740 1068 1309 515 1145 1294 769 1122 1069 1118 1123 485 320 928 130 1050 934 887 957 822 
299 : 184 875 746 1008 1361 486 966 1177 390 1311 1346 102 715 662 494 442 864 14 342 57 1274 711 123 1319 1323 51 1237 1281 892 26 261 847 577 349 1147 13 540 657 865 445 141 1213 180 152 243 246 672 1253 12 1097 
300 : 884 768 723 881 726 909 746 724 882 640 1168 883 775 1312 75 261 865 234 1236 720 1397 767 866 1315 230 927 953 925 575 867 1148 100 952 656 920 1019 727 1119 1224 1087 868 6 1400 1120 425 864 454 292 804 1231 
301 : 886 887 897 743 843 890 769 1126 885 889 1171 1067 1174 741 935 763 826 1146 953 742 740 1123 1070 848 1051 851 760 798 1052 824 847 1027 551 906 1173 841 936 1117 251 1122 739 830 1055 957 1034 424 955 1172 1145 1053 
303 : 931 930 1058 833 744 1362 739 1294 1070 1055 1091 1059 1131 898 1051 935 1052 515 130 937 1054 1071 1053 451 827 337 769 428 863 852 938 627 828 1044 596 1117 1068 831 777 1024 926 1118 851 19 533 1048 928 514 1067 683 
304 : 1071 1053 322 1134 1138 54 264 885 851 833 400 1137 841 1117 843 461 467 1375 1043 897 760 1029 1070 826 940 890 769 887 935 741 889 128 320 639 1044 1386 1123 370 886 1146 1178 1052 1034 830 936 957 1129 31 953 763 
306 : 625 401 1297 410 1296 1299 1348 291 69 541 716 1345 1394 576 24 944 323 1151 1295 318 1279 509 1245 1344 982 1189 1346 1347 163 1157 1217 1379 1364 717 983 578 1219 1213 537 1391 77 353 1253 979 517 972 903 1241 164 1313 
314 : 1285 1310 411 232 19 1311 1231 122 687 294 226 1378 186 36 1274 670 981 605 1319 56 252 925 197 1062 203 1309 27 626 1076 1304 211 932 70 924 920 230 808 567 497 1303 467 371 679 1307 600 760 354 612 535 101 
315 : 1285 1308 58 38 48 482 370 211 1231 1310 359 1306 940 294 652 1378 1262 362 592 225 411 768 961 122 605 1074 927 546 101 1133 1311 1333 654 234 1076 626 1301 232 814 56 70 345 882 461 1323 648 1192 1087 369 1125 
316 : 147 1080 208 937 573 133 1311 1076 496 678 1310 1229 763 664 310 58 1262 1307 1274 508 1319 1191 443 941 444 372 1258 971 1157 423 667 465 370 363 26 308 1368 567 120 1339 324 562 1253 671 383 1271 1375 1200 63 1370 
317 : 1287 912 1381 1192 1182 133 352 337 1199 1323 461 1076 72 527 959 131 344 1172 135 1109 21 1321 465 393 547 1213 1367 326 37 334 933 610 336 540 381 376 382 4 1100 1185 1149 40 629 406 1241 1355 9 261 79 378 
321 : 1290 879 1338 312 440 516 1341 880 38 780 467 876 1269 526 468 496 598 469 795 638 709 252 431 790 313 1336 335 567 197 809 1006 812 214 948 1153 750 503 411 118 1154 295 121 685 124 466 801 1101 878 708 783 
323 : 1338 362 1290 747 859 749 365 1341 442 1111 189 593 879 678 380 643 174 308 76 686 748 948 14 766 1337 439 679 746 391 1188 857 632 858 703 1339 946 274 337 434 39 902 1036 698 1008 699 695 696 441 230 52 
327 : 1291 1344 163 1346 1345 164 275 1347 624 1217 716 1352 1348 357 204 566 598 1219 712 709 1196 1239 638 33 1289 1092 1124 1163 356 1266 1177 982 707 69 1080 812 44 683 415 465 1300 1173 1212 1323 780 1218 274 232 715 749 
331 : 959 358 1364 526 651 187 798 376 256 240 996 1225 335 336 418 527 135 960 254 45 89 327 271 417 1278 671 461 38 872 1323 337 1106 207 1241 623 610 16 487 121 315 1281 933 458 378 305 326 21 383 1324 72 
332 : 1172 1145 1171 1126 1133 1132 887 1068 1125 885 938 956 953 761 1037 739 831 957 1071 1173 1118 760 1070 1031 891 740 897 743 769 1131 642 1130 852 894 744 1034 1067 822 926 889 1122 853 1069 886 1177 828 826 1048 841 1128 
333 : 739 897 885 743 769 953 935 1171 887 1117 886 1067 890 1126 1145 744 1070 1051 1125 1174 1071 852 741 763 831 740 1133 1173 1055 1123 1122 1172 957 1034 891 889 1052 1294 937 847 848 742 851 1129 760 938 841 936 761 830 
335 : 1177 888 1178 1176 838 1293 885 1132 769 1133 31 1070 823 886 1116 1173 642 1146 1130 858 887 864 890 1031 839 1012 1129 1399 740 1359 1045 932 822 1123 1046 1126 1051 419 1121 1172 870 760 766 741 95 581 954 1015 1060 1362 
336 : 1146 885 769 1173 741 888 1116 887 642 1038 1178 765 1117 1126 1123 1121 1145 890 1122 763 953 852 932 938 744 1067 1050 823 891 822 1283 23 105 760 954 31 382 1176 839 1175 740 956 928 1069 1018 842 400 897 1177 1400 
338 : 1294 1362 831 828 848 1043 1036 451 1042 930 1044 739 744 1154 777 47 1058 756 46 130 1054 1071 1059 92 931 428 1038 827 833 916 1055 202 596 764 231 1068 954 1037 351 515 830 1067 741 470 390 349 389 936 457 156 
339 : 535 1234 1253 25 273 666 472 1205 456 295 1198 1204 540 574 1238 533 625 482 508 211 979 170 317 1391 1006 332 294 85 947 984 68 1142 2 421 536 35 1377 160 423 483 283 985 1356 19 669 411 357 1311 1394 44 
340 : 958 39 692 1269 1225 1206 1364 905 407 1156 175 1006 345 1107 800 693 1274 1220 1319 1378 330 695 1077 904 665 506 993 974 612 971 694 968 636 1267 411 1230 623 344 650 1091 492 466 335 655 415 423 173 662 216 212 
347 : 1395 323 983 559 438 670 1002 324 1318 1393 1161 666 142 1159 1394 1213 1151 283 1305 655 1107 37 44 334 1274 2 35 295 1263 1319 36 369 1204 946 625 1143 629 329 154 523 667 84 349 1073 1326 689 994 1307 64 294 
348 : 670 323 559 1395 983 1393 438 295 1281 1161 283 1394 1002 655 154 666 142 36 1213 35 553 354 979 101 44 180 629 1106 1204 1107 294 398 369 1263 324 566 84 1147 524 554 1104 332 1237 329 20 21 1241 493 1307 436 
349 : 1221 208 1222 993 657 992 79 710 1281 7 1256 73 228 892 268 371 361 447 537 971 1191 487 1229 197 660 315 342 809 449 1082 270 604 690 1367 299 269 1107 53 566 261 536 1273 1247 530 63 664 663 1179 25 186 
352 : 325 1375 527 292 461 4 16 629 378 1261 231 336 1182 458 241 376 309 382 261 457 266 395 585 1241 1275 155 339 3 322 1148 1149 324 1384 375 1302 1192 17 1100 91 1301 1281 23 1365 135 433 981 111 1355 1225 559 
353 : 3 1182 1084 292 652 194 1366 754 1386 839 1375 559 458 637 378 435 49 527 1371 653 1221 489 528 1183 662 579 1281 388 1370 1227 540 1056 984 4 966 406 11 1225 1301 326 115 587 1005 62 336 133 833 610 382 73 
355 : 1130 1399 419 393 400 1048 1178 888 1070 1177 1396 1132 1037 1176 3 862 1116 389 180 1398 863 1293 31 1387 1173 1359 4 324 664 1400 1133 1008 412 1060 1397 887 2 1050 116 1014 864 15 838 388 1172 915 1120 1129 1119 956 
356 : 400 393 1400 419 1399 412 3 1050 389 180 1387 398 1121 1396 388 4 664 418 1398 1048 1397 1008 1358 1357 1130 65 324 659 826 1117 820 1251 2 943 1227 538 854 1037 109 1119 484 644 1359 863 940 660 1106 116 1392 1173 
360 : 1312 317 1286 259 405 175 401 1314 656 1296 575 140 488 236 576 1157 1315 396 1011 139 1009 1316 523 1230 572 85 1318 283 949 1298 117 1299 541 26 110 308 124 983 323 570 123 167 318 537 1374 611 456 744 1313 1317 
365 : 1188 1380 1124 674 226 638 708 650 416 1345 1256 780 748 816 141 683 834 200 513 312 566 431 794 279 791 1291 1352 712 215 225 713 246 701 1344 709 368 519 235 797 1218 1349 1 173 213 1332 1347 746 975 70 685 
